diff =1
diff = 1
serial_num:,49,256,-34,-94,0,48,67,0,4,-8,20,-7,19,-8,19,-8,19,-8,18,-9,18,-9,18,-10,17,-11,17,-11,16,-12,16,-12,16,-12,16,-12,17,-12,16,-13,17,-12,17,-11,18,-11,18,-10,18,-9,18,-8,18,-7,18,-6,18,-4,18,0,0,0,0,0,0,0,0,0,0,0,0,0,0,0,0,0,0,0,0,0,0,-6,16,-5,16,-4,17,-3,17,-3,18,-2,18,-1,19,0,19,0,19,0,19,1,19,1,19,0,19,0,19,0,18,-1,18,-1,18,-2,19,-3,18,-3,19,-4,19,-5,19,-5,20,-6,20,-6,20,-6,20,

promi_cb====> Sender: 24:01:01:01:01:01, Receiver: 24:00:00:00:00:00 
udp_server_task=====> recvfrom succ;
[0;32mI (447172) wifi softAP: Waiting for data[0m
diff =1
diff = 1
serial_num:,50,256,-34,-94,0,48,67,0,4,-14,-19,-14,-19,-14,-19,-14,-20,-13,-19,-12,-19,-12,-19,-11,-19,-10,-20,-10,-21,-9,-21,-9,-21,-8,-21,-9,-22,-9,-22,-9,-22,-10,-22,-10,-22,-11,-21,-11,-20,-12,-20,-12,-19,-14,-19,-14,-17,-15,-16,0,0,0,0,0,0,0,0,0,0,0,0,0,0,0,0,0,0,0,0,0,0,-12,-15,-14,-15,-14,-14,-15,-14,-16,-13,-17,-13,-18,-13,-18,-12,-18,-12,-18,-11,-19,-12,-19,-11,-19,-11,-18,-11,-18,-12,-17,-12,-17,-13,-17,-13,-17,-14,-16,-15,-16,-15,-16,-16,-16,-17,-16,-18,-16,-18,-16,-19,

promi_cb====> Sender: 24:01:01:01:01:01, Receiver: 24:00:00:00:00:00 
udp_server_task=====> recvfrom succ;
[0;32mI (447582) wifi softAP: Waiting for data[0m
diff =1
diff = 1
serial_num:,51,256,-34,-94,0,48,67,0,4,20,0,20,0,19,1,19,1,19,1,19,2,18,2,18,3,18,4,17,5,17,5,18,6,18,5,18,5,18,5,19,5,19,5,19,4,19,3,19,2,19,2,19,1,19,1,18,0,18,-2,0,0,0,0,0,0,0,0,0,0,0,0,0,0,0,0,0,0,0,0,0,0,16,1,16,-1,16,-2,17,-2,17,-3,17,-4,17,-5,17,-6,17,-6,17,-6,18,-5,17,-5,17,-6,17,-5,17,-5,17,-5,17,-5,18,-4,18,-3,18,-3,18,-3,19,-2,19,-2,20,0,20,0,20,0,

promi_cb====> Sender: 24:01:01:01:01:01, Receiver: 24:00:00:00:00:00 
udp_server_task=====> recvfrom succ;
[0;32mI (447962) wifi softAP: Waiting for data[0m
diff =1
diff = 1
serial_num:,52,256,-34,-94,0,48,67,0,4,18,13,18,14,17,13,16,14,16,13,15,14,15,15,14,14,13,15,12,16,12,17,12,17,13,17,13,17,13,17,13,17,13,17,14,16,15,16,15,15,15,14,15,13,16,13,17,11,17,10,0,0,0,0,0,0,0,0,0,0,0,0,0,0,0,0,0,0,0,0,0,0,13,12,15,11,15,9,16,9,16,8,18,8,18,7,19,7,19,7,19,7,19,6,19,6,19,7,18,7,18,7,18,7,18,7,17,8,17,9,18,10,17,10,17,11,18,11,18,13,18,13,18,14,

promi_cb====> Sender: 24:01:01:01:01:01, Receiver: 24:00:00:00:00:00 
udp_server_task=====> recvfrom succ;
[0;32mI (448362) wifi softAP: Waiting for data[0m
diff =1
diff = 1
serial_num:,53,256,-37,-94,0,48,67,0,4,15,-17,14,-15,15,-15,15,-15,15,-14,15,-13,15,-12,15,-11,16,-11,16,-10,16,-9,16,-8,16,-8,17,-8,17,-7,18,-8,17,-9,17,-9,17,-9,16,-9,16,-9,15,-10,15,-11,14,-11,13,-12,0,0,0,0,0,0,0,0,0,0,0,0,0,0,0,0,0,0,0,0,0,0,16,-17,14,-18,14,-19,13,-20,12,-21,11,-21,11,-22,9,-23,9,-23,8,-24,8,-23,8,-23,8,-23,8,-22,8,-21,8,-21,9,-20,9,-20,10,-19,12,-19,12,-19,12,-18,13,-18,14,-18,14,-18,14,-17,

promi_cb====> Sender: 24:01:01:01:01:01, Receiver: 24:00:00:00:00:00 
udp_server_task=====> recvfrom succ;
[0;32mI (448772) wifi softAP: Waiting for data[0m
diff =1
diff = 1
serial_num:,54,256,-33,-94,0,48,67,0,4,22,6,22,7,20,7,20,8,20,7,19,8,19,8,18,8,17,9,17,10,16,10,16,11,16,11,16,11,17,11,17,11,17,10,17,9,17,9,16,8,16,7,16,7,16,6,16,5,16,4,0,0,0,0,0,0,0,0,0,0,0,0,0,0,0,0,0,0,0,0,0,0,16,7,17,6,18,5,19,4,20,3,20,3,21,2,21,1,21,1,21,1,22,1,22,0,21,0,21,1,21,0,21,1,21,1,21,2,21,3,21,3,21,4,22,4,22,6,22,6,22,7,22,7,

promi_cb====> Sender: 24:01:01:01:01:01, Receiver: 24:00:00:00:00:00 
udp_server_task=====> recvfrom succ;
[0;32mI (449172) wifi softAP: Waiting for data[0m
diff =1
diff = 1
serial_num:,55,256,-35,-94,0,48,67,0,4,1,22,1,22,1,22,0,22,0,21,-1,21,-1,21,-2,20,-3,21,-3,20,-4,20,-4,20,-5,21,-4,20,-5,21,-4,21,-3,21,-3,21,-2,21,-1,20,-1,19,0,19,1,19,2,18,4,18,0,0,0,0,0,0,0,0,0,0,0,0,0,0,0,0,0,0,0,0,0,0,0,17,1,17,2,17,3,18,4,17,4,18,6,18,6,19,7,18,7,18,7,19,8,18,7,18,7,18,7,19,6,18,6,19,5,19,4,20,4,20,4,20,3,21,3,21,2,22,1,22,2,23,

promi_cb====> Sender: 24:01:01:01:01:01, Receiver: 24:00:00:00:00:00 
udp_server_task=====> recvfrom succ;
[0;32mI (449562) wifi softAP: Waiting for data[0m
diff =1
diff = 1
serial_num:,56,256,-39,-94,0,48,67,0,4,-5,-22,-5,-21,-5,-21,-4,-20,-4,-19,-4,-19,-3,-18,-3,-18,-2,-18,-1,-18,-1,-17,-1,-17,-1,-17,-1,-16,0,-16,0,-16,-1,-15,-1,-15,-1,-14,-2,-13,-2,-13,-2,-12,-2,-12,-3,-11,-3,-11,0,0,0,0,0,0,0,0,0,0,0,0,0,0,0,0,0,0,0,0,0,0,-3,-20,-5,-21,-6,-20,-6,-21,-7,-20,-8,-21,-9,-21,-10,-21,-11,-21,-11,-20,-11,-21,-11,-20,-11,-20,-11,-20,-10,-20,-10,-19,-10,-21,-9,-20,-9,-21,-8,-21,-7,-22,-7,-22,-7,-22,-6,-23,-6,-23,-6,-22,

promi_cb====> Sender: 24:01:01:01:01:01, Receiver: 24:00:00:00:00:00 
udp_server_task=====> recvfrom succ;
[0;32mI (449972) wifi softAP: Waiting for data[0m
diff =1
diff = 1
serial_num:,57,256,-45,-94,0,48,67,0,4,18,-19,18,-18,17,-17,17,-16,16,-15,15,-14,15,-13,15,-12,14,-11,14,-10,13,-9,13,-8,13,-7,13,-7,13,-6,12,-5,12,-5,11,-4,11,-4,11,-3,10,-3,10,-3,10,-3,9,-3,10,-2,0,0,0,0,0,0,0,0,0,0,0,0,0,0,0,0,0,0,0,0,0,0,21,-12,21,-14,20,-15,20,-17,20,-17,20,-19,20,-21,19,-21,19,-22,18,-23,18,-23,17,-24,17,-24,17,-23,17,-23,17,-22,18,-23,18,-22,18,-22,19,-21,20,-21,20,-21,20,-21,20,-21,20,-20,20,-20,

promi_cb====> Sender: 24:01:01:01:01:01, Receiver: 24:00:00:00:00:00 
udp_server_task=====> recvfrom succ;
[0;32mI (450372) wifi softAP: Waiting for data[0m
diff =1
diff = 1
serial_num:,58,256,-40,-94,0,48,67,0,4,-13,25,-13,26,-12,24,-13,24,-12,23,-13,23,-13,21,-13,21,-14,20,-15,19,-15,19,-15,18,-16,18,-15,18,-14,19,-14,18,-13,19,-13,19,-12,19,-11,18,-10,18,-10,17,-8,17,-8,17,-6,17,0,0,0,0,0,0,0,0,0,0,0,0,0,0,0,0,0,0,0,0,0,0,-12,19,-11,21,-10,21,-9,22,-8,23,-8,24,-6,24,-5,25,-5,25,-5,25,-5,25,-5,25,-5,26,-5,25,-5,25,-6,24,-7,25,-7,24,-9,25,-9,25,-10,25,-11,26,-11,25,-13,26,-13,26,-13,27,

promi_cb====> Sender: 24:01:01:01:01:01, Receiver: 24:00:00:00:00:00 
udp_server_task=====> recvfrom succ;
[0;32mI (450772) wifi softAP: Waiting for data[0m
diff =1
diff = 1
serial_num:,59,256,-33,-94,0,48,67,0,4,1,20,1,21,1,19,0,20,0,20,-1,19,-1,19,-2,19,-3,18,-4,18,-4,18,-4,18,-5,19,-4,18,-5,20,-5,19,-4,20,-4,20,-3,19,-2,19,-2,18,-1,17,-1,18,1,17,2,18,0,0,0,0,0,0,0,0,0,0,0,0,0,0,0,0,0,0,0,0,0,0,0,16,1,17,2,16,3,17,4,16,5,18,6,17,6,18,7,17,6,16,7,17,7,17,7,17,7,17,7,17,6,16,6,18,5,17,5,18,4,19,4,19,4,19,3,19,2,20,2,20,2,21,

promi_cb====> Sender: 24:01:01:01:01:01, Receiver: 24:00:00:00:00:00 
udp_server_task=====> recvfrom succ;
[0;32mI (451162) wifi softAP: Waiting for data[0m
diff =1
diff = 1
serial_num:,60,256,-32,-94,0,48,67,0,4,11,18,11,18,11,18,10,18,10,18,9,17,8,18,8,18,7,18,6,18,6,18,6,18,5,18,6,18,6,19,6,18,6,18,7,17,7,16,7,16,8,15,8,14,8,14,9,13,10,12,0,0,0,0,0,0,0,0,0,0,0,0,0,0,0,0,0,0,0,0,0,0,9,15,10,15,11,14,12,14,13,13,14,14,15,13,16,13,16,13,16,12,16,12,16,12,16,12,15,12,15,12,14,12,15,13,14,13,14,14,13,15,13,15,13,16,13,17,12,18,12,18,12,19,

promi_cb====> Sender: 24:01:01:01:01:01, Receiver: 24:00:00:00:00:00 
udp_server_task=====> recvfrom succ;
[0;32mI (451562) wifi softAP: Waiting for data[0m
diff =1
diff = 1
serial_num:,61,256,-31,-94,0,48,67,0,4,16,-17,16,-17,15,-16,16,-16,16,-14,16,-14,16,-13,16,-12,16,-12,17,-11,17,-11,17,-11,18,-10,18,-10,18,-11,18,-11,18,-12,17,-12,16,-11,16,-12,15,-12,14,-13,13,-13,12,-14,11,-14,0,0,0,0,0,0,0,0,0,0,0,0,0,0,0,0,0,0,0,0,0,0,12,-14,12,-15,11,-16,11,-17,11,-17,10,-19,10,-19,9,-19,9,-20,8,-20,8,-20,8,-20,8,-20,8,-20,9,-20,9,-19,9,-19,10,-18,11,-19,12,-18,12,-18,13,-18,13,-18,14,-18,15,-18,15,-18,

promi_cb====> Sender: 24:01:01:01:01:01, Receiver: 24:00:00:00:00:00 
udp_server_task=====> recvfrom succ;
[0;32mI (451972) wifi softAP: Waiting for data[0m
diff =1
diff = 1
serial_num:,62,256,-37,-94,0,48,67,0,4,4,24,3,23,3,24,2,24,1,24,1,23,0,23,-1,23,-2,23,-2,23,-3,23,-3,23,-4,23,-4,24,-4,25,-3,25,-3,25,-3,26,-2,25,-1,25,0,24,1,24,3,24,4,23,6,23,0,0,0,0,0,0,0,0,0,0,0,0,0,0,0,0,0,0,0,0,0,0,3,17,4,17,5,17,6,17,7,17,8,18,9,18,9,18,10,18,10,18,11,17,11,17,10,18,10,17,9,17,9,18,9,18,8,19,7,20,7,20,6,21,5,21,5,22,6,23,5,23,5,24,

promi_cb====> Sender: 24:01:01:01:01:01, Receiver: 24:00:00:00:00:00 
udp_server_task=====> recvfrom succ;
[0;32mI (452362) wifi softAP: Waiting for data[0m
diff =1
diff = 1
serial_num:,63,256,-35,-94,0,48,67,0,4,4,22,4,22,4,22,3,22,3,22,2,21,1,21,0,21,0,21,-1,21,-2,21,-2,21,-2,21,-2,21,-3,22,-2,22,-1,22,-1,22,0,22,1,21,1,21,2,21,3,20,4,19,6,19,0,0,0,0,0,0,0,0,0,0,0,0,0,0,0,0,0,0,0,0,0,0,2,17,4,17,4,17,5,17,6,18,8,18,9,18,9,18,10,18,10,18,11,18,11,18,10,18,10,18,9,18,9,18,9,18,8,18,7,20,7,20,7,20,6,21,6,21,6,22,5,22,6,23,

promi_cb====> Sender: 24:01:01:01:01:01, Receiver: 24:00:00:00:00:00 
udp_server_task=====> recvfrom succ;
[0;32mI (452792) wifi softAP: Waiting for data[0m
diff =1
diff = 1
serial_num:,64,256,-34,-94,0,48,67,0,4,-8,20,-9,21,-8,20,-9,20,-9,19,-10,18,-10,18,-10,17,-11,17,-12,17,-13,16,-13,16,-13,17,-13,17,-13,17,-13,17,-12,18,-12,18,-12,18,-11,19,-9,18,-9,18,-8,18,-6,18,-5,19,0,0,0,0,0,0,0,0,0,0,0,0,0,0,0,0,0,0,0,0,0,0,-7,17,-6,18,-5,18,-5,19,-4,19,-3,20,-2,20,-1,21,-1,21,-1,20,-1,21,0,21,-1,21,-1,20,-1,20,-1,19,-2,20,-3,20,-4,20,-4,20,-5,21,-6,21,-6,21,-7,21,-8,21,-8,22,

promi_cb====> Sender: 24:01:01:01:01:01, Receiver: 24:00:00:00:00:00 
udp_server_task=====> recvfrom succ;
[0;32mI (453202) wifi softAP: Waiting for data[0m
diff =1
diff = 1
serial_num:,65,256,-44,-94,0,48,67,0,4,-3,-19,-2,-19,-1,-18,0,-18,1,-17,2,-17,3,-16,4,-16,6,-16,7,-15,8,-15,9,-15,10,-15,11,-15,12,-15,13,-15,13,-16,13,-16,13,-17,13,-17,12,-17,12,-18,12,-18,11,-19,9,-20,0,0,0,0,0,0,0,0,0,0,0,0,0,0,0,0,0,0,0,0,0,0,-9,-29,-12,-28,-13,-27,-15,-27,-16,-26,-18,-26,-19,-25,-20,-24,-20,-23,-20,-23,-20,-22,-20,-21,-19,-21,-18,-20,-17,-19,-17,-19,-16,-19,-15,-19,-14,-20,-12,-20,-11,-20,-10,-20,-10,-20,-8,-20,-7,-20,-7,-20,

promi_cb====> Sender: 24:01:01:01:01:01, Receiver: 24:00:00:00:00:00 
udp_server_task=====> recvfrom succ;
[0;32mI (453602) wifi softAP: Waiting for data[0m
diff =1
diff = 1
serial_num:,66,256,-33,-94,0,48,67,0,4,20,-4,20,-5,19,-4,20,-4,19,-3,19,-3,19,-2,19,-2,18,-1,18,0,18,0,19,1,19,1,19,0,19,1,19,1,19,0,19,-1,18,-2,18,-2,17,-3,17,-3,16,-4,16,-4,15,-6,0,0,0,0,0,0,0,0,0,0,0,0,0,0,0,0,0,0,0,0,0,0,14,-2,14,-3,14,-4,15,-5,15,-6,15,-6,15,-7,15,-8,15,-8,16,-8,16,-8,16,-9,16,-8,16,-8,16,-8,16,-8,16,-8,16,-7,18,-7,18,-7,18,-6,19,-6,19,-5,20,-5,20,-5,21,-5,

promi_cb====> Sender: 24:01:01:01:01:01, Receiver: 24:00:00:00:00:00 
udp_server_task=====> recvfrom succ;
[0;32mI (454002) wifi softAP: Waiting for data[0m
diff =1
diff = 1
serial_num:,67,256,-34,-94,0,48,67,0,4,3,-22,3,-22,3,-21,4,-22,4,-21,5,-20,5,-20,5,-20,6,-19,7,-19,7,-19,8,-19,8,-19,8,-19,8,-19,8,-19,7,-19,6,-19,6,-19,5,-19,4,-19,4,-18,3,-18,2,-18,0,-18,0,0,0,0,0,0,0,0,0,0,0,0,0,0,0,0,0,0,0,0,0,0,3,-15,3,-16,1,-16,1,-17,0,-17,-1,-18,-2,-19,-2,-19,-2,-19,-3,-19,-3,-19,-3,-20,-3,-20,-2,-20,-3,-20,-2,-19,-2,-20,-1,-20,0,-20,0,-21,0,-21,1,-21,1,-22,3,-22,3,-23,2,-23,

promi_cb====> Sender: 24:01:01:01:01:01, Receiver: 24:00:00:00:00:00 
udp_server_task=====> recvfrom succ;
[0;32mI (454402) wifi softAP: Waiting for data[0m
diff =1
diff = 1
serial_num:,68,256,-34,-94,0,48,67,0,4,22,10,21,10,22,10,21,10,20,11,19,11,19,12,18,12,18,12,18,13,17,13,17,13,17,13,17,14,17,14,18,14,18,13,18,13,18,12,18,11,18,10,18,9,19,8,18,6,18,5,0,0,0,0,0,0,0,0,0,0,0,0,0,0,0,0,0,0,0,0,0,0,14,9,14,8,16,7,16,6,17,6,18,6,19,5,20,5,20,4,21,4,21,3,21,3,21,3,20,3,20,4,20,4,20,4,21,6,21,6,21,7,21,7,21,8,22,8,22,9,22,9,23,10,

promi_cb====> Sender: 24:01:01:01:01:01, Receiver: 24:00:00:00:00:00 
udp_server_task=====> recvfrom succ;
[0;32mI (454802) wifi softAP: Waiting for data[0m
diff =1
diff = 1
serial_num:,69,256,-34,-94,0,48,67,0,4,-21,-17,-21,-17,-21,-17,-20,-18,-19,-17,-19,-17,-18,-18,-17,-18,-17,-19,-16,-19,-15,-20,-15,-20,-15,-20,-15,-20,-16,-20,-16,-20,-16,-20,-17,-19,-17,-18,-17,-17,-17,-16,-17,-15,-17,-14,-18,-13,-19,-11,0,0,0,0,0,0,0,0,0,0,0,0,0,0,0,0,0,0,0,0,0,0,-12,-12,-13,-12,-14,-11,-15,-11,-16,-11,-18,-11,-18,-11,-19,-10,-20,-9,-20,-9,-21,-10,-20,-9,-21,-10,-20,-10,-20,-10,-21,-10,-21,-11,-21,-11,-21,-12,-21,-13,-21,-14,-21,-14,-21,-16,-21,-16,-21,-17,-22,-17,

promi_cb====> Sender: 24:01:01:01:01:01, Receiver: 24:00:00:00:00:00 
udp_server_task=====> recvfrom succ;
[0;32mI (455212) wifi softAP: Waiting for data[0m
diff =1
diff = 1
serial_num:,70,256,-35,-94,0,48,67,0,4,-17,16,-17,16,-17,15,-17,15,-17,15,-17,14,-18,13,-18,12,-18,12,-19,11,-19,11,-19,10,-19,10,-20,11,-20,11,-19,11,-19,12,-19,12,-18,12,-17,13,-16,13,-16,13,-15,14,-13,14,-12,15,0,0,0,0,0,0,0,0,0,0,0,0,0,0,0,0,0,0,0,0,0,0,-11,10,-11,11,-11,12,-10,13,-10,13,-10,14,-9,15,-9,16,-9,16,-9,17,-9,17,-8,17,-9,17,-9,17,-9,16,-10,16,-11,16,-11,16,-12,16,-13,17,-14,17,-14,16,-15,17,-16,17,-16,16,-16,17,

promi_cb====> Sender: 24:01:01:01:01:01, Receiver: 24:00:00:00:00:00 
udp_server_task=====> recvfrom succ;
[0;32mI (455602) wifi softAP: Waiting for data[0m
diff =1
diff = 1
serial_num:,71,256,-33,-94,0,48,67,0,4,-23,0,-22,0,-23,0,-22,-1,-22,-1,-21,-2,-21,-2,-21,-3,-21,-4,-21,-4,-20,-5,-20,-5,-20,-6,-21,-6,-21,-5,-21,-6,-21,-5,-21,-4,-20,-4,-20,-3,-20,-2,-19,-2,-19,-1,-19,0,-18,1,0,0,0,0,0,0,0,0,0,0,0,0,0,0,0,0,0,0,0,0,0,0,-16,0,-16,1,-17,2,-17,3,-17,4,-17,4,-18,5,-18,5,-18,6,-19,7,-19,6,-18,7,-19,7,-19,6,-19,6,-19,6,-19,5,-20,5,-20,4,-21,4,-21,3,-22,2,-22,2,-23,2,-23,1,-23,1,

promi_cb====> Sender: 24:01:01:01:01:01, Receiver: 24:00:00:00:00:00 
udp_server_task=====> recvfrom succ;
[0;32mI (456002) wifi softAP: Waiting for data[0m
diff =1
diff = 1
serial_num:,72,256,-33,-94,0,48,67,0,4,18,12,18,12,17,12,17,12,17,12,16,12,16,12,15,13,15,13,14,14,13,14,13,14,13,14,13,14,14,15,14,14,14,14,14,14,14,13,15,12,14,11,15,10,15,9,15,8,15,7,0,0,0,0,0,0,0,0,0,0,0,0,0,0,0,0,0,0,0,0,0,0,10,9,11,9,11,8,13,8,13,8,14,8,15,7,16,7,16,7,17,6,17,6,17,6,17,6,17,6,17,6,17,6,17,7,17,7,17,8,17,9,18,9,17,10,18,10,19,11,18,11,19,12,

promi_cb====> Sender: 24:01:01:01:01:01, Receiver: 24:00:00:00:00:00 
udp_server_task=====> recvfrom succ;
[0;32mI (456392) wifi softAP: Waiting for data[0m
diff =1
diff = 1
serial_num:,73,256,-33,-94,0,48,67,0,4,-3,-25,-3,-25,-3,-25,-2,-25,-2,-24,-1,-24,-1,-23,0,-23,0,-23,1,-22,2,-22,2,-23,2,-23,2,-23,2,-23,2,-22,1,-23,0,-23,-1,-22,-1,-22,-2,-21,-2,-20,-3,-20,-4,-19,-6,-18,0,0,0,0,0,0,0,0,0,0,0,0,0,0,0,0,0,0,0,0,0,0,-1,-17,-2,-18,-3,-17,-3,-18,-4,-18,-5,-19,-6,-19,-7,-20,-8,-20,-8,-20,-8,-20,-8,-20,-8,-20,-8,-21,-8,-21,-8,-20,-7,-21,-6,-21,-6,-22,-5,-22,-5,-23,-5,-24,-4,-24,-3,-25,-3,-25,-4,-25,

promi_cb====> Sender: 24:01:01:01:01:01, Receiver: 24:00:00:00:00:00 
udp_server_task=====> recvfrom succ;
[0;32mI (456802) wifi softAP: Waiting for data[0m
diff =1
diff = 1
serial_num:,74,256,-35,-94,0,48,67,0,4,-5,20,-5,19,-5,19,-6,19,-6,19,-7,18,-7,18,-8,17,-8,17,-9,17,-10,17,-10,17,-10,17,-10,17,-10,17,-10,18,-9,18,-9,18,-8,18,-8,18,-7,18,-6,18,-5,18,-4,18,-2,18,0,0,0,0,0,0,0,0,0,0,0,0,0,0,0,0,0,0,0,0,0,0,-3,15,-2,15,-2,16,-1,16,-1,16,0,17,1,17,2,18,2,18,2,18,3,18,3,17,2,18,2,18,1,17,1,17,1,17,0,18,-1,18,-1,19,-2,19,-2,19,-3,19,-4,20,-4,20,-4,20,

promi_cb====> Sender: 24:01:01:01:01:01, Receiver: 24:00:00:00:00:00 
udp_server_task=====> recvfrom succ;
[0;32mI (457202) wifi softAP: Waiting for data[0m
diff =1
diff = 1
serial_num:,75,256,-40,-94,0,48,67,0,4,19,-1,20,0,19,0,19,0,19,1,18,2,17,2,17,3,17,3,16,4,16,4,16,5,16,5,16,5,17,5,16,5,16,4,16,4,16,3,16,2,15,1,15,2,15,1,14,0,14,-1,0,0,0,0,0,0,0,0,0,0,0,0,0,0,0,0,0,0,0,0,0,0,15,2,15,1,15,0,16,-1,17,-2,17,-2,17,-3,17,-3,17,-4,17,-5,18,-5,18,-5,18,-5,17,-5,18,-5,17,-4,18,-4,17,-4,18,-3,18,-3,19,-2,19,-2,19,-1,20,-1,20,-1,20,0,

promi_cb====> Sender: 24:01:01:01:01:01, Receiver: 24:00:00:00:00:00 
udp_server_task=====> recvfrom succ;
[0;32mI (457592) wifi softAP: Waiting for data[0m
diff =1
diff = 1
serial_num:,76,256,-38,-94,0,48,67,0,4,28,2,28,2,28,2,27,3,26,4,25,4,25,5,24,6,25,7,25,7,24,8,23,8,24,8,24,9,24,9,25,8,24,8,25,7,24,7,24,6,23,4,23,3,23,2,22,0,22,-1,0,0,0,0,0,0,0,0,0,0,0,0,0,0,0,0,0,0,0,0,0,0,15,4,16,3,17,2,18,1,19,0,20,0,21,-1,21,-2,22,-2,23,-4,23,-4,23,-4,23,-4,23,-5,23,-4,24,-3,24,-3,25,-2,24,-1,26,0,26,0,26,0,27,0,28,1,28,1,28,1,

promi_cb====> Sender: 24:01:01:01:01:01, Receiver: 24:00:00:00:00:00 
udp_server_task=====> recvfrom succ;
[0;32mI (458032) wifi softAP: Waiting for data[0m
diff =1
diff = 1
serial_num:,77,256,-36,-94,0,48,67,0,4,14,-16,14,-15,13,-15,13,-15,14,-13,13,-13,13,-12,13,-12,13,-11,13,-10,14,-11,14,-10,14,-10,14,-9,14,-10,14,-10,13,-10,12,-10,11,-10,11,-10,10,-10,10,-10,9,-10,8,-10,7,-10,0,0,0,0,0,0,0,0,0,0,0,0,0,0,0,0,0,0,0,0,0,0,13,-13,13,-14,12,-15,11,-16,11,-16,10,-18,10,-18,9,-19,9,-19,9,-19,8,-20,8,-19,8,-19,9,-19,9,-18,9,-18,9,-18,10,-18,10,-18,12,-17,12,-17,12,-17,12,-17,13,-17,14,-17,14,-16,

promi_cb====> Sender: 24:01:01:01:01:01, Receiver: 24:00:00:00:00:00 
udp_server_task=====> recvfrom succ;
[0;32mI (458432) wifi softAP: Waiting for data[0m
diff =1
diff = 1
serial_num:,78,256,-38,-94,0,48,67,0,4,20,2,20,3,19,3,20,3,19,4,18,4,17,5,17,5,17,6,16,6,16,7,16,7,16,8,16,7,17,8,16,8,16,7,16,6,16,6,16,5,16,5,15,4,15,3,15,2,15,2,0,0,0,0,0,0,0,0,0,0,0,0,0,0,0,0,0,0,0,0,0,0,19,5,20,3,20,2,21,1,21,0,22,-1,22,-2,22,-3,22,-4,21,-5,22,-4,22,-5,21,-5,20,-4,21,-4,20,-4,21,-3,20,-2,21,-2,21,-1,21,-1,21,0,20,0,21,1,21,2,22,2,

promi_cb====> Sender: 24:01:01:01:01:01, Receiver: 24:00:00:00:00:00 
udp_server_task=====> recvfrom succ;
[0;32mI (458822) wifi softAP: Waiting for data[0m
diff =1
diff = 1
serial_num:,79,256,-33,-94,0,48,67,0,4,20,8,21,8,20,8,20,9,19,8,18,9,18,9,17,10,17,10,16,11,16,11,16,11,17,12,16,12,17,12,16,11,17,11,17,11,17,9,17,9,17,8,17,7,17,6,17,5,18,4,0,0,0,0,0,0,0,0,0,0,0,0,0,0,0,0,0,0,0,0,0,0,13,7,14,6,15,5,16,5,16,4,17,4,18,3,18,3,19,2,19,2,19,2,19,1,19,1,19,2,19,2,19,2,20,3,18,3,19,4,20,5,20,5,20,6,20,6,21,7,21,7,21,8,

promi_cb====> Sender: 24:01:01:01:01:01, Receiver: 24:00:00:00:00:00 
udp_server_task=====> recvfrom succ;
[0;32mI (459222) wifi softAP: Waiting for data[0m
diff =1
diff = 1
serial_num:,80,256,-34,-94,0,48,67,0,4,-7,23,-6,22,-6,23,-7,22,-7,21,-8,21,-8,21,-9,20,-9,20,-10,19,-10,19,-11,19,-11,19,-12,19,-11,19,-11,20,-10,20,-10,20,-9,20,-8,20,-8,19,-7,20,-6,19,-4,19,-2,19,0,0,0,0,0,0,0,0,0,0,0,0,0,0,0,0,0,0,0,0,0,0,-5,17,-4,17,-3,18,-2,17,-2,19,-1,19,0,20,1,20,1,20,1,21,2,20,2,20,2,21,1,20,1,20,0,20,0,20,-1,21,-2,21,-3,21,-3,21,-4,22,-4,23,-5,23,-5,23,-5,23,

promi_cb====> Sender: 24:01:01:01:01:01, Receiver: 24:00:00:00:00:00 
udp_server_task=====> recvfrom succ;
[0;32mI (459632) wifi softAP: Waiting for data[0m
diff =1
diff = 1
serial_num:,81,256,-42,-94,0,48,67,0,4,12,-23,11,-22,11,-21,11,-20,11,-19,11,-19,11,-17,12,-16,12,-16,12,-15,12,-14,12,-14,12,-13,12,-13,12,-12,12,-12,11,-12,11,-12,10,-11,10,-11,10,-11,9,-11,9,-10,8,-10,7,-11,0,0,0,0,0,0,0,0,0,0,0,0,0,0,0,0,0,0,0,0,0,0,16,-21,14,-22,13,-24,12,-24,11,-26,10,-26,9,-27,8,-28,8,-28,7,-29,6,-28,6,-28,6,-28,6,-27,6,-27,7,-26,7,-26,8,-26,8,-25,9,-25,10,-25,10,-25,10,-25,11,-25,11,-25,11,-24,

promi_cb====> Sender: 24:01:01:01:01:01, Receiver: 24:00:00:00:00:00 
udp_server_task=====> recvfrom succ;
[0;32mI (460032) wifi softAP: Waiting for data[0m
diff =1
diff = 1
serial_num:,82,256,-49,-94,0,48,67,0,4,-8,-24,-8,-24,-8,-24,-8,-24,-7,-24,-7,-24,-6,-24,-6,-24,-5,-24,-4,-25,-3,-25,-3,-25,-3,-26,-4,-26,-4,-27,-4,-26,-5,-27,-6,-26,-7,-26,-7,-25,-8,-25,-9,-24,-10,-23,-11,-22,-13,-21,0,0,0,0,0,0,0,0,0,0,0,0,0,0,0,0,0,0,0,0,0,0,-6,-11,-6,-11,-7,-11,-7,-11,-7,-12,-8,-12,-9,-13,-10,-13,-10,-13,-10,-13,-11,-14,-11,-14,-11,-15,-11,-14,-11,-15,-11,-15,-10,-16,-11,-16,-10,-17,-10,-19,-10,-19,-9,-20,-9,-21,-9,-22,-8,-22,-9,-23,

promi_cb====> Sender: 24:01:01:01:01:01, Receiver: 24:00:00:00:00:00 
udp_server_task=====> recvfrom succ;
[0;32mI (460432) wifi softAP: Waiting for data[0m
diff =1
diff = 1
serial_num:,83,256,-43,-94,0,48,67,0,4,23,10,23,10,22,10,22,10,20,10,19,11,18,11,17,11,16,11,16,12,15,11,15,12,15,12,14,11,14,12,14,11,14,11,14,10,13,9,13,9,13,8,12,7,12,6,12,5,12,4,0,0,0,0,0,0,0,0,0,0,0,0,0,0,0,0,0,0,0,0,0,0,21,13,23,11,23,10,25,9,25,8,27,7,27,6,28,5,28,4,27,4,28,4,28,3,28,3,27,4,27,4,25,4,26,5,25,5,26,6,25,7,25,8,25,8,25,9,26,10,25,10,25,11,

promi_cb====> Sender: 24:01:01:01:01:01, Receiver: 24:00:00:00:00:00 
udp_server_task=====> recvfrom succ;
[0;32mI (460822) wifi softAP: Waiting for data[0m
diff =1
diff = 1
serial_num:,84,256,-43,-94,0,48,67,0,4,-19,8,-18,7,-18,7,-18,7,-17,6,-17,5,-16,4,-16,5,-16,3,-15,3,-15,1,-15,1,-15,1,-14,1,-15,1,-14,2,-13,1,-13,2,-13,2,-12,2,-12,2,-11,3,-11,2,-10,3,-10,4,0,0,0,0,0,0,0,0,0,0,0,0,0,0,0,0,0,0,0,0,0,0,-23,7,-22,8,-22,10,-21,11,-21,12,-21,13,-20,14,-20,15,-19,16,-20,16,-19,16,-18,15,-18,16,-18,15,-17,14,-17,14,-17,13,-17,13,-18,12,-19,11,-19,11,-19,11,-19,10,-20,10,-19,9,-20,9,

promi_cb====> Sender: 24:01:01:01:01:01, Receiver: 24:00:00:00:00:00 
udp_server_task=====> recvfrom succ;
[0;32mI (461232) wifi softAP: Waiting for data[0m
diff =1
diff = 1
serial_num:,85,256,-43,-94,0,48,67,0,4,-1,21,-1,20,-1,20,-2,20,-2,19,-2,18,-3,18,-3,16,-4,17,-5,16,-6,16,-6,15,-5,16,-5,15,-5,16,-5,15,-5,15,-4,14,-3,14,-3,14,-3,13,-2,13,-2,12,-1,12,0,12,0,0,0,0,0,0,0,0,0,0,0,0,0,0,0,0,0,0,0,0,0,0,-3,21,0,22,-3,22,-1,22,1,24,1,22,6,23,5,24,7,23,7,25,6,24,7,23,5,23,5,22,6,22,4,21,5,21,3,21,3,23,2,22,2,22,2,22,0,22,0,22,0,23,0,23,

promi_cb====> Sender: 24:01:01:01:01:01, Receiver: 24:00:00:00:00:00 
udp_server_task=====> recvfrom succ;
[0;32mI (461642) wifi softAP: Waiting for data[0m
diff =1
diff = 1
serial_num:,86,256,-37,-94,0,48,67,0,4,19,-1,19,0,18,0,18,0,17,1,16,1,16,2,15,2,15,3,15,4,14,4,15,4,15,5,14,4,15,4,14,4,14,4,14,4,13,3,13,2,13,2,12,2,13,1,12,1,12,0,0,0,0,0,0,0,0,0,0,0,0,0,0,0,0,0,0,0,0,0,0,0,17,2,17,1,18,0,18,-2,18,-3,19,-3,19,-4,19,-5,19,-6,18,-6,19,-6,18,-6,19,-6,18,-6,18,-6,18,-5,18,-5,18,-5,19,-4,19,-3,19,-3,19,-2,19,-2,20,-1,20,-1,20,-1,

promi_cb====> Sender: 24:01:01:01:01:01, Receiver: 24:00:00:00:00:00 
udp_server_task=====> recvfrom succ;
[0;32mI (462042) wifi softAP: Waiting for data[0m
diff =1
diff = 1
serial_num:,87,256,-37,-94,0,48,67,0,4,19,9,18,9,19,10,18,10,17,9,16,10,16,10,15,11,14,11,13,12,13,12,12,12,13,12,12,12,13,13,13,12,13,12,13,11,13,10,12,10,12,9,13,8,13,8,13,7,13,6,0,0,0,0,0,0,0,0,0,0,0,0,0,0,0,0,0,0,0,0,0,0,16,10,17,9,18,8,19,7,19,7,20,6,21,5,22,4,21,4,22,2,22,3,22,3,22,2,21,3,21,3,21,4,21,4,20,4,20,6,21,6,21,6,20,7,21,8,21,8,21,9,21,9,

promi_cb====> Sender: 24:01:01:01:01:01, Receiver: 24:00:00:00:00:00 
udp_server_task=====> recvfrom succ;
[0;32mI (462442) wifi softAP: Waiting for data[0m
diff =1
diff = 1
serial_num:,88,256,-39,-94,0,48,67,0,4,19,9,18,9,18,10,17,9,17,10,16,10,15,10,15,10,14,11,13,12,12,12,13,12,12,12,12,13,12,12,12,13,12,12,12,12,12,11,12,10,12,9,12,9,12,8,12,7,12,6,0,0,0,0,0,0,0,0,0,0,0,0,0,0,0,0,0,0,0,0,0,0,14,11,15,10,16,9,17,8,18,8,19,7,20,6,21,6,21,4,21,4,21,4,21,4,21,4,20,4,20,4,20,4,20,5,20,6,20,6,20,6,20,7,20,7,20,8,20,9,20,9,19,9,

promi_cb====> Sender: 24:01:01:01:01:01, Receiver: 24:00:00:00:00:00 
udp_server_task=====> recvfrom succ;
[0;32mI (462842) wifi softAP: Waiting for data[0m
diff =1
diff = 1
serial_num:,89,256,-40,-94,0,48,67,0,4,-8,19,-8,19,-7,18,-8,18,-8,17,-9,17,-9,16,-9,15,-10,15,-11,14,-11,14,-11,14,-12,14,-11,13,-12,14,-11,13,-11,14,-10,14,-10,14,-9,14,-8,13,-8,13,-7,13,-6,13,-6,13,0,0,0,0,0,0,0,0,0,0,0,0,0,0,0,0,0,0,0,0,0,0,-8,14,-7,16,-7,16,-6,17,-5,17,-5,18,-3,19,-3,19,-2,20,-2,20,-2,20,-1,20,-2,20,-2,20,-2,20,-2,19,-2,19,-3,20,-4,19,-5,20,-5,20,-5,19,-6,20,-7,21,-7,20,-7,21,

promi_cb====> Sender: 24:01:01:01:01:01, Receiver: 24:00:00:00:00:00 
udp_server_task=====> recvfrom succ;
[0;32mI (463252) wifi softAP: Waiting for data[0m
diff =1
diff = 1
serial_num:,90,256,-42,-94,0,48,67,0,4,21,-19,21,-19,20,-18,21,-17,20,-16,20,-15,21,-14,20,-13,20,-12,21,-11,21,-11,21,-10,21,-10,21,-9,21,-9,21,-9,21,-10,20,-10,19,-10,18,-10,18,-11,17,-11,16,-12,15,-12,14,-13,0,0,0,0,0,0,0,0,0,0,0,0,0,0,0,0,0,0,0,0,0,0,18,-12,18,-13,17,-15,17,-16,17,-17,17,-19,16,-20,16,-21,15,-22,15,-23,15,-23,14,-23,14,-24,14,-23,15,-23,15,-22,16,-22,16,-21,17,-22,18,-21,19,-21,19,-20,19,-20,21,-21,21,-20,21,-20,

promi_cb====> Sender: 24:01:01:01:01:01, Receiver: 24:00:00:00:00:00 
udp_server_task=====> recvfrom succ;
[0;32mI (463652) wifi softAP: Waiting for data[0m
diff =1
diff = 1
serial_num:,91,256,-43,-94,0,48,67,0,4,-28,0,-27,0,-28,0,-27,-1,-25,0,-25,-1,-25,-2,-24,-3,-24,-4,-23,-5,-23,-5,-22,-6,-22,-6,-23,-6,-22,-6,-23,-6,-22,-5,-22,-5,-22,-4,-21,-3,-21,-3,-21,-2,-20,-1,-19,0,-19,1,0,0,0,0,0,0,0,0,0,0,0,0,0,0,0,0,0,0,0,0,0,0,-20,-4,-20,-3,-22,-2,-22,0,-23,1,-23,2,-24,3,-25,4,-25,5,-25,6,-25,6,-25,7,-25,7,-25,6,-25,7,-26,5,-25,5,-26,5,-26,4,-27,4,-26,4,-27,3,-28,2,-29,2,-28,1,-29,2,

promi_cb====> Sender: 24:01:01:01:01:01, Receiver: 24:00:00:00:00:00 
udp_server_task=====> recvfrom succ;
[0;32mI (464052) wifi softAP: Waiting for data[0m
promi_cb====> Sender: 24:01:01:01:01:01, Receiver: 24:00:00:00:00:00 
diff =1
diff = 1
serial_num:,92,256,-44,-94,0,48,67,0,4,19,-16,19,-15,18,-14,18,-13,18,-12,18,-12,17,-10,17,-9,17,-8,17,-7,17,-7,17,-7,18,-6,17,-5,17,-5,17,-5,17,-5,16,-5,15,-5,15,-6,15,-6,14,-6,13,-6,12,-7,12,-7,0,0,0,0,0,0,0,0,0,0,0,0,0,0,0,0,0,0,0,0,0,0,21,-10,21,-12,21,-14,20,-16,20,-17,20,-18,19,-20,19,-21,18,-22,18,-22,17,-23,16,-23,16,-23,16,-22,16,-22,16,-21,16,-21,17,-20,18,-20,18,-19,18,-19,19,-19,19,-18,20,-18,20,-18,20,-17,

promi_cb====> Sender: 24:01:01:01:01:01, Receiver: 24:00:00:00:00:00 
udp_server_task=====> recvfrom succ;
[0;32mI (464452) wifi softAP: Waiting for data[0m
diff =1
diff = 1
serial_num:,93,256,-39,-94,0,48,67,0,4,26,0,25,0,25,0,24,1,23,0,23,1,22,2,22,3,21,4,21,4,20,4,20,5,20,4,20,6,20,6,21,5,20,5,19,4,19,4,18,2,18,2,17,1,17,0,17,-1,16,-1,0,0,0,0,0,0,0,0,0,0,0,0,0,0,0,0,0,0,0,0,0,0,20,3,20,2,21,1,22,-1,23,-2,23,-3,24,-4,24,-5,25,-5,24,-7,24,-7,24,-8,24,-8,24,-7,24,-7,24,-6,23,-6,24,-5,24,-5,25,-3,25,-4,25,-2,26,-3,27,-2,27,-2,26,-1,

promi_cb====> Sender: 24:01:01:01:01:01, Receiver: 24:00:00:00:00:00 
udp_server_task=====> recvfrom succ;
[0;32mI (464842) wifi softAP: Waiting for data[0m
diff =1
diff = 1
serial_num:,94,256,-40,-94,0,48,67,0,4,-13,17,-13,16,-13,16,-14,15,-13,14,-13,13,-14,13,-14,12,-14,11,-14,10,-15,10,-14,10,-15,9,-14,9,-15,9,-14,9,-14,9,-14,9,-13,9,-13,9,-12,9,-11,9,-11,9,-10,9,-9,10,0,0,0,0,0,0,0,0,0,0,0,0,0,0,0,0,0,0,0,0,0,0,-14,13,-13,14,-13,15,-12,17,-12,17,-11,19,-10,19,-10,20,-9,20,-9,20,-8,21,-8,20,-8,20,-8,20,-8,20,-8,19,-9,19,-9,19,-11,19,-11,18,-12,19,-12,18,-12,18,-14,19,-13,18,-13,18,

promi_cb====> Sender: 24:01:01:01:01:01, Receiver: 24:00:00:00:00:00 
udp_server_task=====> recvfrom succ;
[0;32mI (465252) wifi softAP: Waiting for data[0m
diff =1
diff = 1
serial_num:,95,256,-40,-94,0,48,67,0,4,-8,-21,-8,-21,-8,-19,-7,-20,-7,-19,-6,-19,-5,-19,-5,-19,-4,-18,-3,-18,-2,-18,-2,-19,-2,-19,-2,-17,-2,-18,-2,-17,-2,-18,-3,-17,-3,-17,-3,-16,-4,-16,-4,-15,-4,-14,-5,-14,-6,-14,0,0,0,0,0,0,0,0,0,0,0,0,0,0,0,0,0,0,0,0,0,0,-4,-19,-5,-20,-6,-19,-8,-20,-8,-19,-10,-20,-11,-20,-12,-20,-13,-19,-12,-19,-13,-19,-14,-19,-14,-19,-13,-18,-13,-19,-12,-18,-13,-19,-12,-19,-11,-19,-11,-20,-10,-20,-10,-20,-10,-20,-9,-21,-9,-22,-9,-22,

promi_cb====> Sender: 24:01:01:01:01:01, Receiver: 24:00:00:00:00:00 
udp_server_task=====> recvfrom succ;
[0;32mI (465652) wifi softAP: Waiting for data[0m
diff =1
diff = 1
serial_num:,96,256,-39,-94,0,48,67,0,4,-23,17,-22,17,-23,15,-22,15,-22,14,-22,13,-21,13,-22,12,-21,10,-22,9,-22,8,-22,8,-22,8,-23,7,-23,7,-22,8,-22,8,-21,9,-20,9,-20,9,-18,9,-18,10,-17,9,-16,10,-15,11,0,0,0,0,0,0,0,0,0,0,0,0,0,0,0,0,0,0,0,0,0,0,-20,11,-20,13,-20,15,-19,17,-19,18,-18,19,-17,20,-17,22,-16,22,-17,23,-17,23,-16,22,-16,23,-17,22,-17,23,-16,21,-17,21,-18,20,-19,20,-19,20,-20,20,-20,20,-21,19,-22,18,-23,18,-23,19,

promi_cb====> Sender: 24:01:01:01:01:01, Receiver: 24:00:00:00:00:00 
udp_server_task=====> recvfrom succ;
[0;32mI (466052) wifi softAP: Waiting for data[0m
diff =1
diff = 1
serial_num:,97,256,-39,-94,0,48,67,0,4,13,-24,12,-23,12,-22,13,-21,13,-20,13,-20,13,-19,13,-18,14,-17,14,-17,15,-17,15,-16,15,-15,16,-15,15,-15,15,-15,14,-15,13,-15,13,-15,12,-15,11,-15,11,-16,10,-15,8,-15,7,-15,0,0,0,0,0,0,0,0,0,0,0,0,0,0,0,0,0,0,0,0,0,0,14,-18,13,-19,13,-21,11,-22,11,-23,10,-24,9,-25,8,-26,7,-26,7,-27,6,-27,6,-26,6,-27,6,-26,6,-25,6,-26,7,-25,8,-25,8,-25,10,-25,10,-25,11,-25,11,-26,12,-25,13,-25,13,-25,

promi_cb====> Sender: 24:01:01:01:01:01, Receiver: 24:00:00:00:00:00 
udp_server_task=====> recvfrom succ;
[0;32mI (466452) wifi softAP: Waiting for data[0m
diff =1
diff = 1
serial_num:,98,256,-40,-94,0,48,67,0,4,19,-4,19,-4,18,-4,17,-3,17,-2,17,-2,17,-1,16,-1,16,0,15,0,15,0,15,0,15,1,15,1,15,2,15,1,15,1,14,1,14,1,14,0,13,0,13,-1,13,-2,12,-2,12,-3,0,0,0,0,0,0,0,0,0,0,0,0,0,0,0,0,0,0,0,0,0,0,15,0,16,-3,16,-1,16,-4,16,-4,17,-5,17,-6,17,-7,17,-8,17,-9,16,-8,17,-9,16,-9,17,-9,17,-8,16,-8,17,-7,16,-7,17,-7,18,-6,18,-5,18,-5,19,-5,19,-5,19,-5,19,-5,

promi_cb====> Sender: 24:01:01:01:01:01, Receiver: 24:00:00:00:00:00 
udp_server_task=====> recvfrom succ;
[0;32mI (466842) wifi softAP: Waiting for data[0m
diff =1
diff = 1
serial_num:,99,256,-40,-94,0,48,67,0,4,2,21,2,20,2,20,1,20,1,19,0,18,0,18,-1,18,-2,18,-2,17,-3,17,-3,17,-3,17,-4,17,-4,17,-3,17,-3,16,-3,16,-3,16,-1,15,-1,15,-1,14,0,14,1,14,1,13,0,0,0,0,0,0,0,0,0,0,0,0,0,0,0,0,0,0,0,0,0,0,-1,17,1,17,1,17,3,18,4,18,5,18,6,18,7,19,7,18,8,19,8,19,8,19,8,19,8,18,7,19,7,18,7,18,6,19,6,19,5,20,5,20,4,20,4,21,3,22,2,21,3,22,

promi_cb====> Sender: 24:01:01:01:01:01, Receiver: 24:00:00:00:00:00 
udp_server_task=====> recvfrom succ;
[0;32mI (467242) wifi softAP: Waiting for data[0m
diff =1
diff = 1
serial_num:,100,256,-40,-94,0,48,67,0,4,-5,-22,-4,-21,-5,-21,-4,-21,-4,-20,-3,-19,-3,-19,-2,-19,-1,-19,0,-19,0,-18,1,-19,1,-18,1,-18,1,-18,1,-18,0,-18,0,-17,-1,-17,-1,-16,-2,-15,-2,-15,-2,-15,-3,-15,-4,-14,0,0,0,0,0,0,0,0,0,0,0,0,0,0,0,0,0,0,0,0,0,0,-1,-18,-2,-18,-3,-18,-4,-19,-5,-19,-6,-19,-7,-19,-9,-19,-10,-20,-10,-19,-10,-20,-10,-19,-10,-19,-9,-19,-9,-19,-9,-19,-9,-19,-8,-19,-8,-20,-7,-20,-8,-20,-7,-20,-7,-21,-5,-22,-5,-22,-6,-22,

promi_cb====> Sender: 24:01:01:01:01:01, Receiver: 24:00:00:00:00:00 
udp_server_task=====> recvfrom succ;
[0;32mI (467652) wifi softAP: Waiting for data[0m
diff =1
diff = 1
serial_num:,101,256,-40,-94,0,48,67,0,4,1,-23,1,-23,1,-23,2,-22,2,-21,3,-20,3,-20,4,-19,4,-20,5,-19,5,-19,6,-18,6,-18,6,-18,6,-18,6,-18,6,-18,5,-18,4,-18,3,-17,3,-17,2,-16,2,-16,1,-16,0,-15,0,0,0,0,0,0,0,0,0,0,0,0,0,0,0,0,0,0,0,0,0,0,4,-18,2,-19,1,-19,1,-20,0,-20,-1,-21,-2,-21,-3,-22,-3,-21,-4,-22,-5,-22,-6,-22,-5,-22,-5,-21,-4,-22,-4,-22,-4,-22,-3,-22,-2,-22,-2,-23,-2,-23,0,-23,0,-23,0,-23,1,-24,0,-24,

promi_cb====> Sender: 24:01:01:01:01:01, Receiver: 24:00:00:00:00:00 
udp_server_task=====> recvfrom succ;
[0;32mI (468052) wifi softAP: Waiting for data[0m
diff =1
diff = 1
serial_num:,102,256,-40,-94,0,48,67,0,4,13,17,11,16,11,17,11,17,10,16,9,16,9,16,8,16,8,17,6,16,5,16,5,16,5,16,5,17,5,16,5,16,5,16,6,15,5,15,6,14,6,13,6,13,7,13,7,12,8,11,0,0,0,0,0,0,0,0,0,0,0,0,0,0,0,0,0,0,0,0,0,0,8,15,9,14,10,14,11,13,13,14,13,13,14,14,15,13,16,12,16,12,16,12,17,12,16,11,16,11,15,12,15,12,16,12,15,14,14,13,14,15,14,15,14,15,14,16,14,16,13,17,13,17,

promi_cb====> Sender: 24:01:01:01:01:01, Receiver: 24:00:00:00:00:00 
udp_server_task=====> recvfrom succ;
[0;32mI (468452) wifi softAP: Waiting for data[0m
diff =1
diff = 1
serial_num:,103,256,-41,-94,0,48,67,0,4,14,19,14,18,14,18,13,18,12,17,10,17,10,17,9,17,9,18,8,17,7,17,7,18,7,17,6,18,6,17,6,17,6,17,6,16,6,15,7,14,7,14,7,14,7,12,8,12,8,11,0,0,0,0,0,0,0,0,0,0,0,0,0,0,0,0,0,0,0,0,0,0,10,18,12,17,13,17,14,17,15,16,17,16,18,16,19,15,19,15,20,14,19,14,20,13,20,14,20,14,19,14,18,13,18,14,18,15,17,15,17,16,17,16,16,17,16,18,17,18,16,19,16,19,

promi_cb====> Sender: 24:01:01:01:01:01, Receiver: 24:00:00:00:00:00 
udp_server_task=====> recvfrom succ;
[0;32mI (468852) wifi softAP: Waiting for data[0m
diff =1
diff = 1
serial_num:,104,256,-41,-95,0,48,67,0,4,19,-10,19,-9,18,-8,18,-8,18,-7,17,-7,17,-6,17,-5,16,-4,16,-4,16,-3,16,-3,16,-2,16,-2,17,-3,16,-2,16,-3,15,-3,15,-3,14,-3,13,-4,12,-4,12,-4,12,-5,11,-6,0,0,0,0,0,0,0,0,0,0,0,0,0,0,0,0,0,0,0,0,0,0,18,-4,19,-6,18,-7,19,-9,18,-10,19,-11,18,-12,18,-13,17,-14,18,-14,17,-14,17,-14,17,-15,17,-14,17,-14,16,-13,17,-13,17,-12,18,-13,18,-13,18,-12,18,-11,19,-11,20,-10,21,-10,20,-9,

promi_cb====> Sender: 24:01:01:01:01:01, Receiver: 24:00:00:00:00:00 
udp_server_task=====> recvfrom succ;
[0;32mI (469252) wifi softAP: Waiting for data[0m
diff =1
diff = 1
serial_num:,105,256,-39,-95,0,48,67,0,4,4,20,4,21,3,20,3,21,3,19,1,19,1,19,0,18,-1,18,-2,18,-2,18,-2,17,-3,17,-3,17,-3,17,-3,17,-3,17,-2,16,-1,16,-1,15,-1,15,0,14,1,14,1,13,2,13,0,0,0,0,0,0,0,0,0,0,0,0,0,0,0,0,0,0,0,0,0,0,1,19,3,20,3,19,5,20,6,19,7,20,8,21,9,20,10,20,10,19,11,20,12,19,11,19,10,19,10,18,9,18,10,19,8,19,8,20,7,20,7,20,6,21,7,21,6,22,6,22,6,23,

promi_cb====> Sender: 24:01:01:01:01:01, Receiver: 24:00:00:00:00:00 
udp_server_task=====> recvfrom succ;
[0;32mI (469642) wifi softAP: Waiting for data[0m
diff =1
diff = 1
serial_num:,106,256,-38,-95,0,48,67,0,4,-8,24,-9,23,-8,22,-9,22,-9,21,-10,20,-10,20,-10,19,-10,18,-12,17,-12,17,-12,17,-12,16,-12,16,-12,16,-12,16,-12,16,-11,17,-10,16,-9,16,-9,15,-8,15,-8,16,-6,15,-5,15,0,0,0,0,0,0,0,0,0,0,0,0,0,0,0,0,0,0,0,0,0,0,-11,17,-10,19,-10,20,-9,21,-7,22,-6,23,-5,24,-4,24,-3,24,-3,25,-3,25,-2,25,-3,25,-3,24,-3,24,-3,24,-3,23,-4,23,-5,24,-6,24,-6,24,-6,24,-7,24,-8,25,-8,25,-9,25,

promi_cb====> Sender: 24:01:01:01:01:01, Receiver: 24:00:00:00:00:00 
udp_server_task=====> recvfrom succ;
[0;32mI (470052) wifi softAP: Waiting for data[0m
diff =1
diff = 1
serial_num:,107,256,-39,-95,0,48,67,0,4,-12,-19,-12,-18,-11,-18,-11,-18,-10,-17,-9,-17,-8,-18,-8,-17,-7,-17,-6,-17,-6,-17,-5,-17,-5,-18,-5,-17,-5,-18,-5,-17,-5,-17,-6,-16,-6,-16,-6,-15,-6,-15,-6,-14,-7,-13,-7,-12,-8,-12,0,0,0,0,0,0,0,0,0,0,0,0,0,0,0,0,0,0,0,0,0,0,-8,-17,-9,-17,-11,-16,-12,-16,-12,-16,-14,-16,-14,-16,-16,-15,-16,-15,-16,-15,-17,-15,-17,-15,-17,-15,-16,-14,-16,-14,-16,-15,-15,-15,-15,-15,-14,-16,-14,-16,-14,-16,-14,-17,-14,-18,-13,-19,-13,-19,-13,-19,

promi_cb====> Sender: 24:01:01:01:01:01, Receiver: 24:00:00:00:00:00 
udp_server_task=====> recvfrom succ;
[0;32mI (470452) wifi softAP: Waiting for data[0m
diff =1
diff = 1
serial_num:,108,256,-39,-95,0,48,67,0,4,18,-18,18,-17,18,-16,19,-15,18,-15,18,-14,18,-13,18,-11,18,-11,18,-11,18,-10,17,-10,17,-9,18,-8,18,-8,18,-9,17,-9,17,-9,16,-9,15,-9,14,-9,14,-10,13,-10,12,-10,11,-10,0,0,0,0,0,0,0,0,0,0,0,0,0,0,0,0,0,0,0,0,0,0,17,-13,17,-15,17,-16,17,-17,16,-19,16,-19,16,-21,15,-21,14,-22,14,-23,12,-24,12,-23,12,-24,12,-23,12,-22,13,-21,13,-21,14,-21,15,-20,17,-20,16,-20,18,-19,17,-20,18,-20,18,-19,18,-19,

promi_cb====> Sender: 24:01:01:01:01:01, Receiver: 24:00:00:00:00:00 
udp_server_task=====> recvfrom succ;
[0;32mI (470852) wifi softAP: Waiting for data[0m
promi_cb====> Sender: 24:01:01:01:01:01, Receiver: 24:00:00:00:00:00 
diff =1
diff = 1
serial_num:,109,256,-39,-95,0,48,67,0,4,-19,-21,-19,-21,-18,-20,-17,-20,-15,-20,-15,-20,-14,-20,-14,-20,-12,-20,-11,-21,-10,-21,-10,-22,-9,-21,-9,-20,-9,-21,-8,-20,-10,-19,-10,-20,-10,-18,-10,-18,-10,-16,-10,-16,-10,-15,-10,-15,-11,-13,0,0,0,0,0,0,0,0,0,0,0,0,0,0,0,0,0,0,0,0,0,0,-13,-21,-15,-20,-17,-19,-18,-19,-19,-18,-21,-18,-22,-17,-23,-16,-24,-16,-24,-16,-25,-16,-25,-15,-24,-16,-23,-16,-23,-16,-22,-15,-23,-16,-22,-16,-21,-17,-21,-18,-21,-18,-21,-19,-21,-20,-20,-21,-20,-21,-20,-22,

promi_cb====> Sender: 24:01:01:01:01:01, Receiver: 24:00:00:00:00:00 
udp_server_task=====> recvfrom succ;
[0;32mI (471262) wifi softAP: Waiting for data[0m
diff =1
diff = 1
serial_num:,110,256,-39,-95,0,48,67,0,4,-9,25,-9,26,-9,24,-10,25,-10,23,-11,22,-12,22,-11,20,-11,20,-12,19,-13,19,-12,18,-14,18,-14,17,-14,18,-13,17,-13,18,-12,18,-11,17,-11,17,-10,16,-9,16,-9,16,-7,16,-6,15,0,0,0,0,0,0,0,0,0,0,0,0,0,0,0,0,0,0,0,0,0,0,-11,20,-9,22,-8,22,-8,24,-7,24,-5,26,-4,27,-3,27,-3,28,-1,28,-1,27,0,28,-1,27,-1,27,-1,27,-2,26,-3,26,-4,26,-5,27,-6,27,-6,27,-7,27,-7,27,-8,28,-7,28,-8,27,

promi_cb====> Sender: 24:01:01:01:01:01, Receiver: 24:00:00:00:00:00 
udp_server_task=====> recvfrom succ;
[0;32mI (471652) wifi softAP: Waiting for data[0m
diff =1
diff = 1
serial_num:,111,256,-38,-95,0,48,67,0,4,-22,-21,-22,-20,-21,-20,-20,-20,-19,-19,-19,-20,-18,-21,-17,-20,-16,-21,-15,-22,-14,-22,-13,-22,-14,-22,-14,-22,-14,-22,-14,-22,-14,-21,-15,-22,-15,-20,-15,-19,-16,-18,-16,-18,-16,-17,-16,-16,-17,-14,0,0,0,0,0,0,0,0,0,0,0,0,0,0,0,0,0,0,0,0,0,0,-12,-17,-15,-17,-16,-17,-17,-16,-18,-15,-20,-16,-21,-15,-23,-14,-23,-14,-23,-14,-24,-14,-24,-13,-24,-14,-23,-13,-23,-13,-23,-13,-23,-14,-23,-15,-23,-16,-23,-17,-23,-17,-23,-18,-22,-19,-22,-20,-23,-21,-23,-21,

promi_cb====> Sender: 24:01:01:01:01:01, Receiver: 24:00:00:00:00:00 
udp_server_task=====> recvfrom succ;
[0;32mI (472052) wifi softAP: Waiting for data[0m
promi_cb====> Sender: 24:01:01:01:01:01, Receiver: 24:00:00:00:00:00 
promi_cb====> Sender: 24:01:01:01:01:01, Receiver: 24:00:00:00:00:00 
diff =1
diff = 1
serial_num:,112,256,-52,-95,0,48,67,0,4,-13,-7,-11,-6,-11,-6,-9,-7,-7,-7,-6,-7,-5,-7,-4,-7,-3,-7,-2,-7,0,-7,1,-7,1,-6,2,-7,3,-6,3,-6,4,-6,5,-6,5,-6,5,-6,6,-6,6,-6,6,-6,6,-7,6,-7,0,0,0,0,0,0,0,0,0,0,0,0,0,0,0,0,0,0,0,0,0,0,-38,-3,-38,-1,-38,0,-37,2,-37,3,-36,4,-37,5,-35,6,-34,6,-33,7,-32,8,-31,7,-30,6,-29,5,-27,4,-27,2,-25,1,-25,1,-24,-1,-23,-3,-22,-2,-22,-4,-21,-4,-20,-4,-18,-5,-17,-4,

promi_cb====> Sender: 24:01:01:01:01:01, Receiver: 24:00:00:00:00:00 
udp_server_task=====> recvfrom succ;
[0;32mI (472462) wifi softAP: Waiting for data[0m
diff =1
diff = 1
serial_num:,113,256,-49,-95,0,48,67,0,4,-12,3,-11,2,-10,1,-9,0,-8,-1,-6,-2,-5,-3,-4,-3,-3,-4,-2,-5,0,-5,1,-5,2,-5,3,-5,5,-6,5,-6,6,-6,7,-7,8,-7,8,-7,8,-8,9,-8,10,-8,10,-9,10,-10,0,0,0,0,0,0,0,0,0,0,0,0,0,0,0,0,0,0,0,0,0,0,-30,28,-28,31,-26,31,-25,32,-23,31,-22,33,-21,33,-19,33,-18,32,-18,30,-19,30,-18,28,-18,27,-17,24,-17,23,-17,21,-17,20,-17,18,-18,16,-18,15,-17,13,-17,12,-17,10,-17,9,-16,7,-16,7,

promi_cb====> Sender: 24:01:01:01:01:01, Receiver: 24:00:00:00:00:00 
udp_server_task=====> recvfrom succ;
[0;32mI (472852) wifi softAP: Waiting for data[0m
diff =1
diff = 1
serial_num:,114,256,-52,-95,0,48,67,0,4,11,-1,10,-3,9,-2,9,-3,9,-4,8,-4,8,-4,8,-5,9,-5,9,-6,10,-6,10,-7,11,-7,11,-8,12,-8,12,-8,13,-9,14,-9,14,-9,14,-9,14,-10,14,-10,15,-11,14,-11,14,-12,0,0,0,0,0,0,0,0,0,0,0,0,0,0,0,0,0,0,0,0,0,0,40,-8,39,-10,39,-10,37,-11,37,-12,36,-12,36,-12,34,-12,33,-11,32,-11,31,-9,29,-9,29,-8,26,-6,25,-5,23,-3,22,-2,21,-1,20,0,19,1,18,1,17,1,17,1,15,2,14,1,14,1,

promi_cb====> Sender: 24:01:01:01:01:01, Receiver: 24:00:00:00:00:00 
udp_server_task=====> recvfrom succ;
[0;32mI (473252) wifi softAP: Waiting for data[0m
diff =1
diff = 1
serial_num:,115,256,-48,-95,0,48,67,0,4,6,19,6,19,5,18,5,18,5,18,4,17,3,17,3,16,2,16,1,17,1,16,1,16,0,17,1,16,1,17,1,16,1,16,2,16,2,16,3,15,3,15,3,14,4,14,4,14,6,14,0,0,0,0,0,0,0,0,0,0,0,0,0,0,0,0,0,0,0,0,0,0,10,23,12,22,12,21,13,21,14,21,16,20,16,20,17,20,17,19,16,19,16,19,15,18,15,18,14,18,13,18,13,17,12,17,11,18,10,18,10,19,9,19,9,19,8,20,7,20,7,20,7,20,

promi_cb====> Sender: 24:01:01:01:01:01, Receiver: 24:00:00:00:00:00 
udp_server_task=====> recvfrom succ;
[0;32mI (473642) wifi softAP: Waiting for data[0m
promi_cb====> Sender: 24:01:01:01:01:01, Receiver: 24:00:00:00:00:00 
promi_cb====> Sender: 24:01:01:01:01:01, Receiver: 24:00:00:00:00:00 
promi_cb====> Sender: 24:01:01:01:01:01, Receiver: 24:00:00:00:00:00 
promi_cb====> Sender: 24:01:01:01:01:01, Receiver: 24:00:00:00:00:00 
promi_cb====> Sender: 24:01:01:01:01:01, Receiver: 24:00:00:00:00:00 
diff =1
diff = 1
serial_num:,116,256,-47,-95,0,48,67,0,4,-21,2,-21,2,-20,2,-20,1,-19,1,-18,0,-18,1,-17,-1,-17,-1,-17,-1,-17,-1,-17,-1,-17,-2,-17,-2,-17,-2,-17,-1,-17,-1,-17,-1,-16,0,-16,0,-16,1,-16,2,-15,3,-15,3,-15,4,0,0,0,0,0,0,0,0,0,0,0,0,0,0,0,0,0,0,0,0,0,0,-28,7,-28,8,-28,9,-27,10,-27,11,-27,12,-27,12,-26,13,-26,13,-25,14,-25,14,-24,13,-24,13,-23,11,-23,11,-23,9,-22,8,-23,7,-23,7,-23,5,-23,5,-23,4,-23,4,-23,4,-23,3,-23,3,

promi_cb====> Sender: 24:01:01:01:01:01, Receiver: 24:00:00:00:00:00 
udp_server_task=====> recvfrom succ;
[0;32mI (474082) wifi softAP: Waiting for data[0m
promi_cb====> Sender: 24:01:01:01:01:01, Receiver: 24:00:00:00:00:00 
promi_cb====> Sender: 24:01:01:01:01:01, Receiver: 24:00:00:00:00:00 
promi_cb====> Sender: 24:01:01:01:01:01, Receiver: 24:00:00:00:00:00 
diff =1
diff = 1
serial_num:,117,256,-44,-95,0,48,67,0,4,2,-17,3,-16,2,-13,3,-13,3,-12,2,-10,3,-9,2,-8,2,-6,1,-6,1,-5,1,-4,1,-4,0,-3,-1,-2,-1,-1,-2,-1,-3,0,-3,1,-4,1,-4,2,-4,2,-5,3,-5,3,-6,4,0,0,0,0,0,0,0,0,0,0,0,0,0,0,0,0,0,0,0,0,0,0,-4,-40,-8,-41,-9,-39,-10,-40,-11,-38,-13,-39,-14,-38,-14,-37,-15,-35,-13,-35,-13,-35,-12,-33,-11,-33,-9,-31,-9,-30,-8,-29,-7,-29,-5,-27,-3,-28,-3,-26,-2,-26,-1,-25,0,-23,2,-24,2,-22,2,-22,

promi_cb====> Sender: 24:01:01:01:01:01, Receiver: 24:00:00:00:00:00 
udp_server_task=====> recvfrom succ;
[0;32mI (474472) wifi softAP: Waiting for data[0m
diff =1
diff = 1
serial_num:,118,256,-46,-95,0,48,67,0,4,2,-18,2,-16,1,-14,2,-13,2,-12,1,-11,1,-9,1,-8,0,-8,0,-7,0,-6,-1,-6,-1,-5,-2,-5,-3,-5,-3,-4,-4,-4,-5,-3,-6,-2,-6,-2,-7,-2,-7,-1,-8,-1,-8,0,-9,1,0,0,0,0,0,0,0,0,0,0,0,0,0,0,0,0,0,0,0,0,0,0,-7,-40,-9,-39,-10,-39,-11,-38,-12,-38,-13,-38,-14,-37,-15,-36,-14,-35,-14,-35,-14,-34,-13,-32,-12,-32,-10,-31,-9,-29,-7,-28,-6,-28,-4,-27,-3,-26,-2,-26,-1,-25,0,-25,0,-24,1,-23,2,-22,2,-21,

promi_cb====> Sender: 24:01:01:01:01:01, Receiver: 24:00:00:00:00:00 
udp_server_task=====> recvfrom succ;
[0;32mI (474852) wifi softAP: Waiting for data[0m
promi_cb====> Sender: 24:01:01:01:01:01, Receiver: 24:00:00:00:00:00 
promi_cb====> Sender: 24:01:01:01:01:01, Receiver: 24:00:00:00:00:00 
diff =1
diff = 1
serial_num:,119,256,-50,-95,0,48,67,0,4,11,8,11,8,9,7,9,6,8,5,8,4,7,4,7,3,7,3,7,2,7,2,7,2,8,1,8,0,9,0,9,-1,10,-1,10,-2,10,-2,10,-3,10,-4,10,-4,11,-5,11,-5,11,-7,0,0,0,0,0,0,0,0,0,0,0,0,0,0,0,0,0,0,0,0,0,0,34,15,36,13,34,11,36,10,35,9,36,9,35,8,35,8,34,7,32,8,31,8,30,8,29,9,27,9,26,9,24,9,24,10,21,10,20,11,19,11,18,12,17,12,16,12,15,12,14,12,14,11,

promi_cb====> Sender: 24:01:01:01:01:01, Receiver: 24:00:00:00:00:00 
udp_server_task=====> recvfrom succ;
[0;32mI (475262) wifi softAP: Waiting for data[0m
diff =1
diff = 1
serial_num:,120,256,-47,-95,0,48,67,0,4,-7,14,-6,13,-6,13,-5,12,-4,11,-4,10,-4,10,-3,9,-3,9,-3,9,-3,9,-2,9,-2,9,-2,10,-1,9,0,10,0,10,1,11,2,11,2,11,2,11,3,11,3,11,4,11,6,11,0,0,0,0,0,0,0,0,0,0,0,0,0,0,0,0,0,0,0,0,0,0,-3,36,6,33,5,40,8,38,10,37,7,36,5,35,4,33,6,34,6,34,5,33,5,32,3,31,0,29,2,27,-2,27,-3,25,-5,25,-5,23,-4,23,-5,22,-6,21,-7,20,-8,19,-8,18,-7,17,

promi_cb====> Sender: 24:01:01:01:01:01, Receiver: 24:00:00:00:00:00 
udp_server_task=====> recvfrom succ;
[0;32mI (475642) wifi softAP: Waiting for data[0m
diff =1
diff = 1
serial_num:,121,256,-48,-95,0,48,67,0,4,17,-6,17,-6,16,-5,16,-5,15,-5,15,-5,14,-5,14,-4,14,-3,14,-3,14,-3,14,-3,14,-3,13,-3,14,-3,14,-3,14,-4,13,-5,13,-5,13,-6,12,-6,12,-6,12,-7,11,-7,11,-8,0,0,0,0,0,0,0,0,0,0,0,0,0,0,0,0,0,0,0,0,0,0,26,-14,25,-16,24,-16,25,-18,23,-17,24,-19,23,-19,22,-20,22,-19,21,-19,21,-18,21,-17,21,-17,20,-15,20,-15,19,-13,20,-13,19,-11,20,-11,20,-10,20,-10,20,-9,19,-8,20,-7,20,-7,20,-7,

promi_cb====> Sender: 24:01:01:01:01:01, Receiver: 24:00:00:00:00:00 
udp_server_task=====> recvfrom succ;
[0;32mI (476052) wifi softAP: Waiting for data[0m
promi_cb====> Sender: 24:01:01:01:01:01, Receiver: 24:00:00:00:00:00 
promi_cb====> Sender: 24:01:01:01:01:01, Receiver: 24:00:00:00:00:00 
diff =1
diff = 1
serial_num:,122,256,-49,-95,0,48,67,0,4,4,18,4,18,4,16,3,17,3,16,3,15,3,15,2,14,2,14,2,14,2,14,2,14,2,15,2,14,3,15,3,15,3,15,4,15,4,15,5,15,5,14,5,14,6,14,7,14,8,13,0,0,0,0,0,0,0,0,0,0,0,0,0,0,0,0,0,0,0,0,0,0,11,28,13,29,13,27,15,27,14,26,16,27,16,26,16,26,16,25,16,24,15,24,15,23,14,23,13,22,12,22,10,21,10,21,8,20,7,21,7,21,6,21,5,20,5,20,4,21,4,20,4,20,

promi_cb====> Sender: 24:01:01:01:01:01, Receiver: 24:00:00:00:00:00 
udp_server_task=====> recvfrom succ;
[0;32mI (476462) wifi softAP: Waiting for data[0m
promi_cb====> Sender: 24:01:01:01:01:01, Receiver: 24:00:00:00:00:00 
promi_cb====> Sender: 24:01:01:01:01:01, Receiver: 24:00:00:00:00:00 
diff =1
diff = 1
serial_num:,123,256,-47,-95,0,48,67,0,4,11,-4,10,-3,8,-2,8,-2,6,-1,5,-1,5,0,3,0,2,1,1,1,0,1,0,1,-1,1,-2,1,-3,2,-4,1,-5,1,-6,1,-6,1,-7,2,-7,2,-8,2,-8,2,-9,3,-9,3,0,0,0,0,0,0,0,0,0,0,0,0,0,0,0,0,0,0,0,0,0,0,28,-21,27,-23,25,-24,24,-25,23,-25,22,-27,22,-26,20,-27,20,-26,18,-26,18,-25,17,-24,17,-23,16,-21,16,-19,16,-18,17,-17,16,-15,17,-14,17,-13,16,-12,16,-10,15,-10,15,-8,15,-8,14,-7,

promi_cb====> Sender: 24:01:01:01:01:01, Receiver: 24:00:00:00:00:00 
udp_server_task=====> recvfrom succ;
[0;32mI (476862) wifi softAP: Waiting for data[0m
diff =1
diff = 1
serial_num:,124,256,-50,-95,0,48,67,0,4,-5,2,-3,3,-2,3,-1,3,1,3,2,3,3,3,3,4,4,4,5,5,6,6,6,7,6,8,7,9,8,10,8,11,9,12,9,12,10,13,10,13,10,14,11,14,12,14,13,14,13,14,0,0,0,0,0,0,0,0,0,0,0,0,0,0,0,0,0,0,0,0,0,0,-25,30,-24,31,-23,30,-22,31,-21,30,-20,30,-20,30,-19,29,-18,27,-17,27,-17,26,-16,24,-16,22,-16,19,-16,17,-16,15,-15,14,-15,12,-15,10,-15,9,-14,8,-13,7,-12,6,-11,5,-10,4,-9,4,

promi_cb====> Sender: 24:01:01:01:01:01, Receiver: 24:00:00:00:00:00 
udp_server_task=====> recvfrom succ;
[0;32mI (477242) wifi softAP: Waiting for data[0m
diff =1
diff = 1
serial_num:,125,256,-49,-95,0,48,67,0,4,16,1,14,1,15,1,13,1,12,0,11,1,11,1,10,1,10,0,9,0,9,0,8,-1,8,-1,8,-1,8,-2,9,-2,8,-3,8,-4,8,-4,8,-5,7,-5,7,-6,7,-7,6,-7,6,-8,0,0,0,0,0,0,0,0,0,0,0,0,0,0,0,0,0,0,0,0,0,0,35,-7,33,-9,35,-10,33,-10,33,-11,32,-12,33,-12,31,-13,31,-12,30,-13,29,-13,28,-12,28,-11,26,-9,25,-8,26,-6,24,-5,24,-4,23,-3,23,-2,22,-1,21,0,22,0,21,1,19,1,19,1,

promi_cb====> Sender: 24:01:01:01:01:01, Receiver: 24:00:00:00:00:00 
udp_server_task=====> recvfrom succ;
[0;32mI (477642) wifi softAP: Waiting for data[0m
promi_cb====> Sender: 24:01:01:01:01:01, Receiver: 24:00:00:00:00:00 
promi_cb====> Sender: 24:01:01:01:01:01, Receiver: 24:00:00:00:00:00 
promi_cb====> Sender: 24:01:01:01:01:01, Receiver: 24:00:00:00:00:00 
promi_cb====> Sender: 24:01:01:01:01:01, Receiver: 24:00:00:00:00:00 
diff =1
diff = 1
serial_num:,126,256,-48,-95,0,48,67,0,4,-16,10,-16,10,-15,9,-15,9,-14,8,-13,8,-13,7,-12,6,-12,6,-12,5,-12,5,-12,5,-12,5,-11,5,-11,6,-10,6,-10,6,-10,6,-9,7,-8,7,-8,7,-7,7,-7,7,-6,8,-5,8,0,0,0,0,0,0,0,0,0,0,0,0,0,0,0,0,0,0,0,0,0,0,-23,22,-22,24,-21,24,-21,26,-19,25,-19,27,-17,27,-17,27,-16,27,-16,25,-16,25,-16,24,-16,24,-16,22,-16,21,-15,20,-17,19,-16,18,-18,17,-18,16,-18,16,-18,15,-18,14,-19,13,-18,12,-18,12,

promi_cb====> Sender: 24:01:01:01:01:01, Receiver: 24:00:00:00:00:00 
udp_server_task=====> recvfrom succ;
[0;32mI (478082) wifi softAP: Waiting for data[0m
diff =1
diff = 1
serial_num:,127,256,-45,-95,0,48,67,0,4,-15,-7,-13,-6,-14,-7,-12,-6,-11,-5,-9,-5,-9,-5,-7,-5,-7,-5,-6,-4,-5,-4,-5,-3,-4,-3,-4,-2,-3,-1,-3,-1,-2,0,-2,0,-2,1,-1,2,-1,2,0,3,0,3,1,4,1,4,0,0,0,0,0,0,0,0,0,0,0,0,0,0,0,0,0,0,0,0,0,0,-37,-6,-36,-3,-37,-2,-36,-1,-37,0,-36,1,-37,3,-36,4,-35,3,-35,4,-34,4,-32,3,-31,3,-30,1,-28,1,-28,-1,-26,-1,-26,-3,-25,-4,-25,-4,-24,-4,-23,-5,-22,-6,-21,-7,-20,-7,-20,-6,

promi_cb====> Sender: 24:01:01:01:01:01, Receiver: 24:00:00:00:00:00 
udp_server_task=====> recvfrom succ;
[0;32mI (478452) wifi softAP: Waiting for data[0m
diff =1
diff = 1
serial_num:,128,256,-50,-95,0,48,67,0,4,16,-9,16,-8,15,-7,14,-7,13,-7,13,-6,12,-6,12,-5,11,-5,11,-5,11,-5,11,-5,11,-5,10,-6,10,-6,10,-6,10,-6,10,-7,9,-7,9,-8,8,-9,8,-9,8,-9,7,-10,6,-10,0,0,0,0,0,0,0,0,0,0,0,0,0,0,0,0,0,0,0,0,0,0,27,-22,25,-23,24,-24,24,-25,23,-25,22,-25,22,-26,21,-26,21,-25,20,-25,20,-24,19,-23,19,-22,19,-20,19,-19,19,-18,19,-17,19,-15,19,-14,20,-13,19,-12,19,-11,19,-11,19,-10,19,-10,19,-9,

promi_cb====> Sender: 24:01:01:01:01:01, Receiver: 24:00:00:00:00:00 
udp_server_task=====> recvfrom succ;
[0;32mI (478852) wifi softAP: Waiting for data[0m
promi_cb====> Sender: 24:01:01:01:01:01, Receiver: 24:00:00:00:00:00 
diff =1
diff = 1
serial_num:,129,256,-49,-95,0,48,67,0,4,10,-12,9,-11,9,-10,8,-10,8,-9,7,-8,7,-8,6,-7,6,-8,6,-7,5,-8,5,-8,5,-8,5,-8,4,-8,4,-8,3,-9,3,-9,2,-9,2,-10,1,-10,1,-10,0,-10,-1,-10,-2,-10,0,0,0,0,0,0,0,0,0,0,0,0,0,0,0,0,0,0,0,0,0,0,15,-30,13,-29,13,-31,11,-30,11,-31,10,-30,10,-31,10,-30,9,-30,9,-30,8,-28,8,-27,9,-26,9,-24,9,-23,10,-23,10,-20,11,-20,11,-18,13,-18,12,-17,12,-16,13,-16,13,-15,12,-14,12,-13,

promi_cb====> Sender: 24:01:01:01:01:01, Receiver: 24:00:00:00:00:00 
udp_server_task=====> recvfrom succ;
[0;32mI (479252) wifi softAP: Waiting for data[0m
promi_cb====> Sender: 24:01:01:01:01:01, Receiver: 24:00:00:00:00:00 
diff =1
diff = 1
serial_num:,130,256,-48,-95,0,48,67,0,4,8,-19,7,-18,7,-17,7,-16,6,-16,6,-15,6,-14,6,-14,6,-14,6,-13,5,-13,5,-13,5,-13,5,-13,5,-13,5,-14,4,-14,3,-14,3,-14,2,-14,1,-14,1,-14,0,-14,-1,-14,-2,-14,0,0,0,0,0,0,0,0,0,0,0,0,0,0,0,0,0,0,0,0,0,0,6,-35,4,-35,3,-36,2,-35,1,-35,0,-35,-1,-36,-1,-35,-1,-34,-1,-34,-1,-33,-1,-31,0,-31,1,-29,2,-28,2,-28,3,-26,4,-26,5,-25,6,-24,7,-24,8,-23,8,-23,8,-22,8,-21,8,-21,

promi_cb====> Sender: 24:01:01:01:01:01, Receiver: 24:00:00:00:00:00 
udp_server_task=====> recvfrom succ;
[0;32mI (479652) wifi softAP: Waiting for data[0m
promi_cb====> Sender: 24:01:01:01:01:01, Receiver: 24:00:00:00:00:00 
promi_cb====> Sender: 24:01:01:01:01:01, Receiver: 24:00:00:00:00:00 
diff =1
diff = 1
serial_num:,131,256,-47,-95,0,48,67,0,4,-2,-8,-2,-8,-2,-7,-1,-7,-1,-5,0,-5,0,-5,1,-4,1,-4,2,-3,2,-3,2,-2,2,-2,2,-1,3,-1,3,0,3,0,3,0,3,0,3,1,3,1,3,1,3,2,3,2,4,1,0,0,0,0,0,0,0,0,0,0,0,0,0,0,0,0,0,0,0,0,0,0,-11,-18,-12,-17,-13,-16,-13,-16,-13,-15,-15,-15,-15,-14,-16,-14,-15,-13,-15,-13,-14,-13,-14,-12,-13,-12,-12,-11,-11,-11,-11,-11,-10,-11,-9,-10,-8,-11,-7,-11,-7,-11,-6,-10,-6,-10,-5,-11,-4,-10,-4,-10,

promi_cb====> Sender: 24:01:01:01:01:01, Receiver: 24:00:00:00:00:00 
udp_server_task=====> recvfrom succ;
[0;32mI (480062) wifi softAP: Waiting for data[0m
diff =1
diff = 1
serial_num:,132,256,-49,-95,0,48,67,0,4,-5,6,-4,7,-3,6,-3,7,-2,7,-1,8,-1,8,0,8,0,9,0,9,0,10,0,11,-1,12,-1,13,-1,14,-1,15,-1,16,-2,17,-1,17,-1,17,-2,18,-2,17,-2,19,-1,19,0,19,0,0,0,0,0,0,0,0,0,0,0,0,0,0,0,0,0,0,0,0,0,0,-18,36,-14,38,-19,36,-9,36,-13,32,-14,36,-15,33,-9,35,-9,30,-13,27,-10,27,-10,25,-12,24,-11,21,-10,19,-10,18,-12,16,-12,14,-12,15,-13,12,-12,11,-11,10,-11,9,-11,8,-10,8,-9,8,

promi_cb====> Sender: 24:01:01:01:01:01, Receiver: 24:00:00:00:00:00 
udp_server_task=====> recvfrom succ;
[0;32mI (480452) wifi softAP: Waiting for data[0m
diff =1
diff = 1
serial_num:,133,256,-48,-95,0,48,67,0,4,17,9,17,8,16,8,16,8,15,7,14,8,13,7,12,7,12,7,12,8,11,8,11,7,11,7,11,7,11,8,11,6,12,7,12,6,12,5,12,5,12,4,12,3,12,3,12,2,12,1,0,0,0,0,0,0,0,0,0,0,0,0,0,0,0,0,0,0,0,0,0,0,32,10,33,8,33,7,33,5,33,5,35,4,34,3,33,2,33,2,32,1,32,2,30,2,30,2,28,3,27,3,26,4,26,5,24,6,24,7,24,7,23,7,22,9,22,9,21,10,20,10,20,10,

promi_cb====> Sender: 24:01:01:01:01:01, Receiver: 24:00:00:00:00:00 
diff =0
Update csi_buf_pre
promi_cb====> Sender: 24:01:01:01:01:01, Receiver: 24:00:00:00:00:00 
udp_server_task=====> recvfrom succ;
[0;32mI (480812) wifi softAP: Waiting for data[0m
diff =1
diff = 1
serial_num:,134,256,-46,-95,0,48,67,0,4,20,8,20,9,19,9,19,9,17,9,16,9,16,9,15,9,14,9,13,10,13,10,13,10,13,10,12,10,13,10,12,10,13,10,12,9,12,8,12,8,12,7,11,6,12,6,12,5,12,4,0,0,0,0,0,0,0,0,0,0,0,0,0,0,0,0,0,0,0,0,0,0,26,10,28,8,27,7,29,6,28,5,30,4,29,3,30,2,29,1,29,1,29,1,28,1,28,1,26,2,26,2,25,2,25,3,24,4,24,5,24,6,24,6,23,7,23,8,23,9,22,9,23,9,

promi_cb====> Sender: 24:01:01:01:01:01, Receiver: 24:00:00:00:00:00 
udp_server_task=====> recvfrom succ;
[0;32mI (481242) wifi softAP: Waiting for data[0m
diff =1
diff = 1
serial_num:,135,256,-46,-95,0,48,67,0,4,-7,-22,-6,-21,-6,-19,-5,-19,-5,-19,-4,-18,-3,-17,-3,-17,-2,-17,-1,-16,-1,-16,0,-16,-1,-16,0,-15,0,-15,0,-15,-1,-14,-2,-14,-2,-13,-3,-13,-3,-12,-3,-12,-3,-12,-4,-11,-5,-10,0,0,0,0,0,0,0,0,0,0,0,0,0,0,0,0,0,0,0,0,0,0,-12,-28,-14,-27,-15,-26,-16,-26,-17,-25,-18,-25,-19,-24,-20,-24,-20,-23,-19,-23,-19,-23,-18,-23,-17,-23,-16,-22,-16,-22,-15,-21,-14,-22,-14,-21,-12,-22,-12,-22,-11,-22,-11,-22,-9,-23,-8,-23,-8,-23,-8,-23,

promi_cb====> Sender: 24:01:01:01:01:01, Receiver: 24:00:00:00:00:00 
udp_server_task=====> recvfrom succ;
[0;32mI (481652) wifi softAP: Waiting for data[0m
diff =1
diff = 1
serial_num:,136,256,-46,-95,0,48,67,0,4,19,-12,19,-11,18,-10,17,-9,17,-9,16,-8,16,-8,15,-7,16,-6,15,-5,15,-5,15,-5,15,-4,14,-4,15,-4,14,-5,14,-5,13,-5,13,-5,12,-6,11,-6,11,-6,10,-6,9,-7,9,-7,0,0,0,0,0,0,0,0,0,0,0,0,0,0,0,0,0,0,0,0,0,0,25,-16,24,-18,23,-19,23,-20,22,-21,22,-22,21,-22,20,-23,19,-23,19,-23,19,-23,18,-22,18,-22,18,-21,18,-20,17,-19,18,-18,18,-17,19,-17,20,-16,20,-16,20,-14,20,-14,21,-14,21,-13,20,-13,

promi_cb====> Sender: 24:01:01:01:01:01, Receiver: 24:00:00:00:00:00 
udp_server_task=====> recvfrom succ;
[0;32mI (482052) wifi softAP: Waiting for data[0m
diff =1
diff = 1
serial_num:,137,256,-46,-95,0,48,67,0,4,21,4,21,4,20,4,20,4,18,4,17,5,17,5,16,6,16,6,15,6,14,6,14,6,14,7,14,7,14,7,14,6,14,6,13,5,13,5,13,4,12,4,12,2,12,2,12,1,12,1,0,0,0,0,0,0,0,0,0,0,0,0,0,0,0,0,0,0,0,0,0,0,30,3,30,1,30,-1,30,-2,30,-3,31,-4,31,-5,30,-6,30,-6,29,-7,29,-7,28,-7,28,-7,27,-6,26,-5,25,-4,25,-3,25,-2,25,-1,25,0,25,1,24,2,25,2,24,2,24,3,24,3,

promi_cb====> Sender: 24:01:01:01:01:01, Receiver: 24:00:00:00:00:00 
udp_server_task=====> recvfrom succ;
[0;32mI (482442) wifi softAP: Waiting for data[0m
diff =1
diff = 1
serial_num:,138,256,-45,-95,0,48,67,0,4,15,16,14,16,13,16,12,15,12,15,10,15,10,14,9,14,9,14,8,14,8,14,7,14,6,14,6,14,6,14,7,14,7,13,7,13,7,12,7,11,7,11,8,10,8,9,8,8,9,8,0,0,0,0,0,0,0,0,0,0,0,0,0,0,0,0,0,0,0,0,0,0,19,20,20,19,21,18,22,17,23,17,23,16,25,15,25,14,25,14,25,13,25,12,25,12,24,12,22,12,21,12,21,13,20,13,20,13,19,14,19,15,18,15,17,16,18,16,17,17,17,17,17,17,

promi_cb====> Sender: 24:01:01:01:01:01, Receiver: 24:00:00:00:00:00 
udp_server_task=====> recvfrom succ;
[0;32mI (482852) wifi softAP: Waiting for data[0m
diff =1
diff = 1
serial_num:,139,256,-45,-95,0,48,67,0,4,-10,18,-10,18,-10,16,-10,16,-9,15,-10,15,-10,14,-10,13,-11,12,-11,11,-11,11,-11,11,-11,11,-11,10,-11,11,-10,10,-10,11,-10,11,-9,11,-8,11,-8,10,-7,10,-7,10,-6,10,-5,10,0,0,0,0,0,0,0,0,0,0,0,0,0,0,0,0,0,0,0,0,0,0,-13,21,-12,23,-11,22,-9,24,-8,23,-8,25,-6,25,-6,26,-4,25,-5,25,-5,24,-5,24,-5,24,-5,23,-5,23,-5,21,-5,22,-6,20,-8,21,-8,21,-8,21,-8,20,-9,20,-11,20,-11,19,-11,20,

promi_cb====> Sender: 24:01:01:01:01:01, Receiver: 24:00:00:00:00:00 
udp_server_task=====> recvfrom succ;
[0;32mI (483252) wifi softAP: Waiting for data[0m
diff =1
diff = 1
serial_num:,140,256,-45,-95,0,48,67,0,4,-5,-21,-5,-20,-5,-20,-4,-19,-4,-19,-3,-18,-3,-17,-2,-17,-2,-17,-1,-17,-1,-16,0,-16,0,-16,0,-16,0,-16,0,-16,-1,-16,-1,-15,-1,-15,-2,-14,-2,-13,-3,-13,-3,-13,-4,-12,-5,-12,0,0,0,0,0,0,0,0,0,0,0,0,0,0,0,0,0,0,0,0,0,0,-5,-25,-7,-24,-8,-24,-9,-24,-10,-24,-12,-24,-12,-24,-14,-23,-13,-22,-14,-22,-14,-22,-14,-21,-14,-21,-13,-20,-12,-20,-11,-20,-11,-20,-10,-20,-9,-21,-8,-21,-8,-21,-7,-21,-8,-22,-7,-22,-6,-22,-7,-22,

promi_cb====> Sender: 24:01:01:01:01:01, Receiver: 24:00:00:00:00:00 
udp_server_task=====> recvfrom succ;
[0;32mI (483652) wifi softAP: Waiting for data[0m
diff =1
diff = 1
serial_num:,141,256,-45,-95,0,48,67,0,4,-19,-16,-18,-16,-18,-16,-17,-15,-16,-15,-15,-15,-15,-15,-14,-15,-13,-16,-12,-16,-11,-16,-11,-16,-11,-16,-10,-16,-11,-16,-10,-15,-10,-15,-11,-15,-11,-14,-11,-13,-11,-12,-11,-12,-11,-11,-11,-10,-12,-9,0,0,0,0,0,0,0,0,0,0,0,0,0,0,0,0,0,0,0,0,0,0,-22,-19,-23,-18,-24,-17,-25,-16,-25,-15,-27,-14,-27,-13,-28,-12,-28,-11,-28,-11,-28,-11,-27,-11,-27,-10,-25,-11,-25,-10,-24,-11,-24,-12,-23,-12,-23,-13,-22,-14,-22,-14,-22,-15,-22,-15,-21,-16,-21,-17,-21,-16,

promi_cb====> Sender: 24:01:01:01:01:01, Receiver: 24:00:00:00:00:00 
udp_server_task=====> recvfrom succ;
[0;32mI (484052) wifi softAP: Waiting for data[0m
diff =1
diff = 1
serial_num:,142,256,-45,-95,0,48,67,0,4,18,-4,18,-3,17,-3,17,-2,16,-2,15,-1,15,-1,15,0,14,0,14,1,14,1,14,1,14,1,13,2,14,2,13,1,13,2,13,1,12,1,12,0,12,0,12,-1,11,-1,11,-2,10,-2,0,0,0,0,0,0,0,0,0,0,0,0,0,0,0,0,0,0,0,0,0,0,22,-4,22,-6,21,-7,21,-8,21,-9,21,-10,21,-11,21,-11,20,-12,20,-12,19,-12,19,-12,19,-11,18,-11,18,-10,18,-9,18,-9,18,-8,18,-8,19,-7,19,-7,19,-6,19,-5,19,-5,19,-5,19,-4,

promi_cb====> Sender: 24:01:01:01:01:01, Receiver: 24:00:00:00:00:00 
udp_server_task=====> recvfrom succ;
[0;32mI (484452) wifi softAP: Waiting for data[0m
diff =1
diff = 1
serial_num:,143,256,-45,-95,0,48,67,0,4,-1,20,-1,20,-2,19,-2,19,-3,18,-3,17,-3,16,-4,16,-4,15,-5,15,-5,14,-6,14,-6,14,-6,14,-6,14,-6,14,-5,14,-5,14,-4,13,-4,13,-3,13,-3,12,-3,12,-2,12,-1,12,0,0,0,0,0,0,0,0,0,0,0,0,0,0,0,0,0,0,0,0,0,0,-1,24,1,24,2,24,3,24,4,24,5,24,6,24,7,24,7,24,7,23,8,23,8,22,7,22,6,22,6,21,5,21,5,21,4,20,3,21,2,21,2,21,1,21,1,21,0,22,0,21,0,22,

promi_cb====> Sender: 24:01:01:01:01:01, Receiver: 24:00:00:00:00:00 
udp_server_task=====> recvfrom succ;
[0;32mI (484842) wifi softAP: Waiting for data[0m
diff =1
diff = 1
serial_num:,144,256,-46,-95,0,48,67,0,4,18,17,17,15,17,16,15,16,15,15,14,15,12,15,12,15,11,15,10,16,10,15,9,16,9,15,9,16,9,15,9,16,9,15,9,15,9,14,9,13,10,12,9,12,10,11,10,10,10,9,0,0,0,0,0,0,0,0,0,0,0,0,0,0,0,0,0,0,0,0,0,0,22,19,23,17,25,17,25,15,27,15,27,13,28,13,28,12,28,11,28,11,28,11,27,11,27,10,25,11,24,11,25,11,23,11,23,12,22,13,22,14,21,15,21,15,21,16,20,17,20,17,19,16,

promi_cb====> Sender: 24:01:01:01:01:01, Receiver: 24:00:00:00:00:00 
udp_server_task=====> recvfrom succ;
[0;32mI (485252) wifi softAP: Waiting for data[0m
diff =1
diff = 1
serial_num:,145,256,-45,-95,0,48,67,0,4,-24,11,-23,10,-23,10,-23,9,-22,8,-21,7,-21,7,-20,5,-21,5,-20,4,-20,4,-20,3,-20,2,-20,2,-20,2,-20,2,-19,3,-19,3,-18,4,-18,4,-17,4,-16,5,-16,5,-15,6,-14,6,0,0,0,0,0,0,0,0,0,0,0,0,0,0,0,0,0,0,0,0,0,0,-28,13,-27,15,-27,16,-26,17,-26,19,-25,20,-24,21,-23,22,-23,22,-22,22,-22,22,-21,22,-21,21,-21,20,-21,19,-21,18,-21,17,-22,17,-22,16,-23,16,-23,15,-24,14,-24,14,-25,14,-25,13,-25,13,

promi_cb====> Sender: 24:01:01:01:01:01, Receiver: 24:00:00:00:00:00 
udp_server_task=====> recvfrom succ;
[0;32mI (485652) wifi softAP: Waiting for data[0m
diff =1
diff = 1
serial_num:,146,256,-45,-95,0,48,67,0,4,1,23,1,23,1,22,0,22,-1,21,-2,20,-2,20,-3,18,-3,18,-4,18,-4,18,-4,17,-5,17,-5,17,-5,17,-5,17,-5,17,-4,16,-4,16,-3,16,-3,15,-2,15,-1,14,0,14,1,14,0,0,0,0,0,0,0,0,0,0,0,0,0,0,0,0,0,0,0,0,0,0,3,27,5,27,6,27,7,27,8,26,10,27,10,27,11,26,11,26,13,25,13,25,13,24,12,24,11,23,10,24,9,23,9,23,7,23,6,24,5,25,5,24,4,24,4,24,4,25,3,24,3,25,

promi_cb====> Sender: 24:01:01:01:01:01, Receiver: 24:00:00:00:00:00 
udp_server_task=====> recvfrom succ;
[0;32mI (486052) wifi softAP: Waiting for data[0m
diff =1
diff = 1
serial_num:,147,256,-45,-95,0,48,67,0,4,-20,-5,-19,-5,-19,-5,-18,-5,-17,-5,-16,-5,-16,-6,-15,-6,-15,-7,-14,-8,-14,-8,-13,-8,-13,-8,-14,-8,-13,-8,-14,-8,-13,-7,-14,-7,-13,-6,-13,-6,-13,-5,-13,-5,-12,-4,-12,-4,-12,-3,0,0,0,0,0,0,0,0,0,0,0,0,0,0,0,0,0,0,0,0,0,0,-22,-6,-22,-4,-23,-3,-23,-2,-24,-1,-23,-1,-24,1,-24,2,-24,2,-24,2,-23,2,-23,2,-23,2,-22,2,-21,2,-21,1,-21,0,-21,-1,-21,-1,-21,-1,-21,-2,-21,-2,-21,-4,-21,-4,-21,-5,-21,-4,

promi_cb====> Sender: 24:01:01:01:01:01, Receiver: 24:00:00:00:00:00 
udp_server_task=====> recvfrom succ;
[0;32mI (486452) wifi softAP: Waiting for data[0m
diff =1
diff = 1
serial_num:,148,256,-45,-95,0,48,67,0,4,20,-13,20,-13,20,-12,20,-12,19,-11,19,-10,19,-9,18,-8,18,-7,18,-6,18,-6,18,-6,18,-5,18,-5,18,-5,17,-5,18,-5,17,-6,17,-5,16,-6,15,-6,14,-7,14,-7,13,-8,13,-8,0,0,0,0,0,0,0,0,0,0,0,0,0,0,0,0,0,0,0,0,0,0,23,-15,23,-17,22,-18,22,-20,20,-20,20,-21,20,-22,19,-23,18,-23,18,-23,18,-23,17,-22,17,-23,17,-22,17,-21,16,-20,18,-20,17,-18,19,-19,20,-17,20,-17,20,-16,20,-15,22,-15,21,-15,22,-15,

promi_cb====> Sender: 24:01:01:01:01:01, Receiver: 24:00:00:00:00:00 
promi_cb====> Sender: 24:01:01:01:01:01, Receiver: 24:00:00:00:00:00 
udp_server_task=====> recvfrom succ;
[0;32mI (486852) wifi softAP: Waiting for data[0m
diff =1
diff = 1
serial_num:,149,256,-45,-95,0,48,67,0,4,13,-22,12,-21,13,-20,13,-19,13,-19,13,-18,13,-17,13,-16,14,-15,14,-14,14,-14,14,-13,15,-13,14,-13,14,-13,15,-13,14,-13,13,-14,12,-13,12,-13,11,-13,11,-13,10,-13,9,-13,8,-13,0,0,0,0,0,0,0,0,0,0,0,0,0,0,0,0,0,0,0,0,0,0,15,-23,13,-24,12,-25,11,-26,10,-27,9,-28,8,-29,7,-29,6,-29,7,-29,7,-29,6,-28,6,-28,7,-26,7,-26,6,-25,7,-25,8,-25,9,-25,10,-24,10,-24,11,-24,12,-24,13,-24,13,-23,13,-23,

promi_cb====> Sender: 24:01:01:01:01:01, Receiver: 24:00:00:00:00:00 
udp_server_task=====> recvfrom succ;
[0;32mI (487252) wifi softAP: Waiting for data[0m
promi_cb====> Sender: 24:01:01:01:01:01, Receiver: 24:00:00:00:00:00 
diff =0
Update csi_buf_pre
promi_cb====> Sender: 24:01:01:01:01:01, Receiver: 24:00:00:00:00:00 
udp_server_task=====> recvfrom succ;
[0;32mI (487622) wifi softAP: Waiting for data[0m
diff =1
diff = 1
serial_num:,150,256,-47,-95,0,48,67,0,4,-16,17,-15,16,-15,15,-15,14,-14,13,-14,12,-14,11,-14,10,-14,9,-14,8,-14,7,-14,6,-14,6,-13,6,-13,5,-13,5,-12,5,-12,5,-11,5,-10,4,-10,4,-9,4,-9,4,-8,4,-7,4,0,0,0,0,0,0,0,0,0,0,0,0,0,0,0,0,0,0,0,0,0,0,-20,20,-18,21,-17,23,-16,23,-16,25,-14,26,-13,27,-13,27,-11,27,-12,28,-11,27,-11,27,-11,26,-11,25,-11,24,-11,24,-12,23,-12,23,-13,23,-14,22,-14,21,-15,21,-16,20,-16,20,-16,19,-16,19,

promi_cb====> Sender: 24:01:01:01:01:01, Receiver: 24:00:00:00:00:00 
udp_server_task=====> recvfrom succ;
[0;32mI (488052) wifi softAP: Waiting for data[0m
diff =1
diff = 1
serial_num:,151,256,-39,-95,0,48,67,0,4,-19,7,-19,6,-18,6,-18,5,-18,5,-17,4,-17,3,-17,2,-17,2,-17,1,-16,0,-16,0,-16,0,-16,0,-16,0,-16,0,-15,0,-15,0,-15,0,-14,1,-13,1,-13,1,-13,2,-12,2,-12,2,0,0,0,0,0,0,0,0,0,0,0,0,0,0,0,0,0,0,0,0,0,0,-22,5,-22,6,-22,8,-22,9,-22,10,-21,11,-21,12,-21,13,-19,14,-20,14,-19,14,-18,14,-18,14,-18,14,-18,13,-18,12,-17,11,-18,11,-19,10,-19,10,-19,10,-19,9,-20,9,-20,8,-20,8,-20,8,

promi_cb====> Sender: 24:01:01:01:01:01, Receiver: 24:00:00:00:00:00 
udp_server_task=====> recvfrom succ;
[0;32mI (488452) wifi softAP: Waiting for data[0m
diff =1
diff = 1
serial_num:,152,256,-38,-95,0,48,67,0,4,17,-10,17,-9,16,-8,16,-8,16,-7,15,-6,15,-5,15,-4,15,-4,15,-3,14,-3,14,-3,14,-2,14,-2,14,-1,14,-2,14,-2,13,-2,13,-2,12,-2,12,-2,11,-2,11,-3,10,-3,9,-4,0,0,0,0,0,0,0,0,0,0,0,0,0,0,0,0,0,0,0,0,0,0,21,-12,20,-14,20,-15,19,-16,18,-17,18,-18,18,-18,17,-20,17,-19,15,-20,15,-20,14,-20,14,-20,14,-19,14,-18,14,-17,14,-16,15,-16,16,-15,17,-14,17,-14,18,-13,17,-13,17,-13,18,-12,18,-12,

promi_cb====> Sender: 24:01:01:01:01:01, Receiver: 24:00:00:00:00:00 
udp_server_task=====> recvfrom succ;
[0;32mI (488852) wifi softAP: Waiting for data[0m
diff =1
diff = 1
serial_num:,153,256,-41,-95,0,48,67,0,4,-19,-9,-19,-9,-17,-9,-18,-9,-16,-9,-16,-10,-15,-10,-13,-11,-13,-11,-12,-12,-11,-11,-11,-12,-11,-11,-10,-11,-10,-12,-10,-11,-10,-11,-10,-11,-9,-10,-9,-10,-10,-9,-9,-8,-9,-8,-10,-8,-9,-8,0,0,0,0,0,0,0,0,0,0,0,0,0,0,0,0,0,0,0,0,0,0,-27,-14,-28,-12,-28,-10,-30,-9,-29,-7,-31,-6,-31,-4,-30,-3,-30,-3,-29,-2,-30,-2,-28,-1,-28,-1,-27,-1,-27,-2,-25,-3,-25,-3,-24,-4,-24,-5,-24,-5,-23,-7,-23,-6,-22,-7,-23,-8,-22,-9,-22,-9,

promi_cb====> Sender: 24:01:01:01:01:01, Receiver: 24:00:00:00:00:00 
udp_server_task=====> recvfrom succ;
[0;32mI (489262) wifi softAP: Waiting for data[0m
diff =1
diff = 1
serial_num:,154,256,-41,-95,0,48,67,0,4,-7,-22,-6,-21,-6,-21,-5,-20,-4,-19,-3,-19,-3,-19,-2,-18,-2,-18,-1,-18,0,-17,1,-17,1,-17,2,-17,2,-16,2,-16,1,-16,1,-16,1,-15,1,-15,1,-14,0,-14,0,-13,-1,-13,-2,-13,0,0,0,0,0,0,0,0,0,0,0,0,0,0,0,0,0,0,0,0,0,0,-9,-28,-11,-28,-12,-27,-14,-27,-15,-26,-16,-26,-18,-25,-19,-24,-19,-24,-20,-23,-20,-22,-20,-22,-19,-21,-18,-21,-17,-21,-16,-21,-15,-21,-14,-21,-13,-22,-12,-22,-12,-22,-11,-23,-11,-23,-10,-23,-10,-23,-9,-23,

promi_cb====> Sender: 24:01:01:01:01:01, Receiver: 24:00:00:00:00:00 
udp_server_task=====> recvfrom succ;
[0;32mI (489652) wifi softAP: Waiting for data[0m
diff =1
diff = 1
serial_num:,155,256,-41,-95,0,48,67,0,4,18,-17,18,-16,18,-15,17,-14,17,-13,17,-12,17,-11,16,-9,17,-9,17,-8,16,-8,16,-7,16,-6,17,-6,16,-5,16,-6,16,-6,15,-6,15,-5,14,-6,13,-6,13,-6,12,-6,11,-6,11,-7,0,0,0,0,0,0,0,0,0,0,0,0,0,0,0,0,0,0,0,0,0,0,25,-21,23,-22,23,-24,21,-25,20,-26,19,-27,18,-28,17,-29,16,-29,15,-30,14,-29,13,-29,14,-28,13,-27,13,-26,14,-25,14,-24,15,-24,16,-23,17,-22,17,-22,17,-20,18,-20,18,-20,18,-20,18,-19,

promi_cb====> Sender: 24:01:01:01:01:01, Receiver: 24:00:00:00:00:00 
udp_server_task=====> recvfrom succ;
[0;32mI (490052) wifi softAP: Waiting for data[0m
diff =1
diff = 1
serial_num:,156,256,-41,-95,0,48,67,0,4,-18,2,-18,2,-17,2,-17,2,-16,0,-16,0,-15,0,-15,-2,-15,-2,-14,-3,-13,-3,-13,-3,-14,-3,-12,-4,-13,-4,-12,-4,-12,-3,-12,-3,-11,-3,-11,-3,-11,-3,-10,-2,-10,-2,-10,-2,-10,-1,0,0,0,0,0,0,0,0,0,0,0,0,0,0,0,0,0,0,0,0,0,0,-25,2,-25,5,-25,6,-25,7,-24,9,-24,10,-24,10,-23,11,-22,12,-22,12,-21,12,-21,12,-21,12,-20,11,-20,11,-19,10,-20,9,-19,7,-20,7,-19,7,-20,7,-20,6,-20,5,-20,4,-20,4,-20,4,

promi_cb====> Sender: 24:01:01:01:01:01, Receiver: 24:00:00:00:00:00 
udp_server_task=====> recvfrom succ;
[0;32mI (490452) wifi softAP: Waiting for data[0m
diff =1
diff = 1
serial_num:,157,256,-42,-95,0,48,67,0,4,-20,-7,-20,-7,-19,-7,-18,-7,-17,-8,-17,-8,-16,-8,-15,-9,-14,-9,-14,-10,-13,-10,-13,-10,-12,-11,-11,-11,-12,-11,-11,-11,-11,-10,-11,-10,-11,-9,-10,-9,-11,-8,-10,-8,-10,-8,-10,-7,-10,-7,0,0,0,0,0,0,0,0,0,0,0,0,0,0,0,0,0,0,0,0,0,0,-27,-9,-29,-6,-28,-5,-29,-3,-29,-2,-30,-1,-30,0,-30,2,-29,2,-29,2,-29,3,-28,3,-27,3,-26,2,-26,2,-25,1,-25,0,-24,0,-25,-1,-24,-2,-24,-3,-24,-3,-23,-4,-23,-5,-23,-6,-23,-6,

promi_cb====> Sender: 24:01:01:01:01:01, Receiver: 24:00:00:00:00:00 
udp_server_task=====> recvfrom succ;
[0;32mI (490852) wifi softAP: Waiting for data[0m
diff =1
diff = 1
serial_num:,158,256,-42,-95,0,48,67,0,4,17,-17,17,-17,16,-15,17,-14,16,-13,16,-12,16,-11,16,-10,16,-9,16,-8,16,-8,15,-7,16,-6,16,-6,16,-6,15,-6,15,-5,15,-5,14,-5,13,-5,13,-5,12,-6,12,-6,11,-6,11,-7,0,0,0,0,0,0,0,0,0,0,0,0,0,0,0,0,0,0,0,0,0,0,22,-23,20,-25,19,-26,18,-28,16,-28,16,-29,14,-30,13,-31,13,-30,12,-30,11,-30,11,-29,11,-29,11,-27,11,-27,11,-25,12,-25,12,-24,14,-24,15,-23,15,-23,16,-21,16,-21,17,-21,17,-20,17,-19,

promi_cb====> Sender: 24:01:01:01:01:01, Receiver: 24:00:00:00:00:00 
udp_server_task=====> recvfrom succ;
[0;32mI (491272) wifi softAP: Waiting for data[0m
diff =1
diff = 1
serial_num:,159,256,-43,-95,0,48,67,0,4,18,10,17,10,17,10,16,11,15,10,13,11,13,11,11,11,11,12,10,12,9,12,8,12,8,12,8,13,7,13,8,13,7,13,7,12,7,12,7,11,7,11,7,10,7,10,7,9,8,9,0,0,0,0,0,0,0,0,0,0,0,0,0,0,0,0,0,0,0,0,0,0,28,14,29,12,30,10,30,8,30,7,31,6,32,5,31,3,31,3,31,2,30,1,29,1,28,1,27,1,26,2,26,3,25,3,25,4,24,5,24,6,23,7,22,8,23,8,22,9,21,9,21,10,

promi_cb====> Sender: 24:01:01:01:01:01, Receiver: 24:00:00:00:00:00 
udp_server_task=====> recvfrom succ;
[0;32mI (491662) wifi softAP: Waiting for data[0m
diff =1
diff = 1
serial_num:,160,256,-43,-95,0,48,67,0,4,1,-20,1,-20,1,-19,2,-18,2,-17,3,-16,3,-16,4,-15,4,-14,5,-14,6,-13,6,-13,6,-13,6,-12,6,-12,6,-11,6,-11,6,-11,5,-10,5,-10,4,-10,4,-9,4,-9,4,-9,3,-9,0,0,0,0,0,0,0,0,0,0,0,0,0,0,0,0,0,0,0,0,0,0,0,-29,-2,-29,-3,-28,-5,-29,-6,-29,-7,-29,-9,-28,-10,-28,-10,-27,-10,-26,-10,-26,-10,-26,-10,-25,-9,-25,-9,-24,-8,-23,-7,-23,-6,-23,-5,-23,-4,-23,-4,-23,-3,-22,-2,-22,-1,-23,-1,-22,-1,-22,

promi_cb====> Sender: 24:01:01:01:01:01, Receiver: 24:00:00:00:00:00 
udp_server_task=====> recvfrom succ;
[0;32mI (492072) wifi softAP: Waiting for data[0m
diff =1
diff = 1
serial_num:,161,256,-43,-95,0,48,67,0,4,21,-5,20,-5,19,-4,19,-3,18,-2,17,-1,17,-1,16,0,16,1,15,2,15,2,14,3,14,3,14,3,14,3,13,4,13,3,13,3,12,3,12,2,11,2,11,2,11,2,10,1,10,1,0,0,0,0,0,0,0,0,0,0,0,0,0,0,0,0,0,0,0,0,0,0,29,-7,28,-9,28,-11,28,-13,27,-13,27,-15,26,-16,26,-17,24,-17,24,-17,24,-17,23,-17,23,-17,22,-16,22,-15,21,-15,21,-13,21,-12,22,-11,22,-11,22,-10,22,-9,22,-8,23,-8,23,-7,22,-6,

promi_cb====> Sender: 24:01:01:01:01:01, Receiver: 24:00:00:00:00:00 
udp_server_task=====> recvfrom succ;
[0;32mI (492472) wifi softAP: Waiting for data[0m
diff =1
diff = 1
serial_num:,162,256,-43,-95,0,48,67,0,4,-24,0,-23,0,-23,-1,-22,-2,-21,-2,-20,-3,-19,-4,-18,-5,-18,-5,-17,-6,-17,-6,-16,-6,-16,-7,-16,-7,-15,-8,-15,-7,-15,-7,-14,-7,-14,-7,-13,-6,-13,-6,-13,-5,-13,-5,-12,-4,-12,-3,0,0,0,0,0,0,0,0,0,0,0,0,0,0,0,0,0,0,0,0,0,0,-34,1,-34,3,-34,5,-33,6,-33,8,-33,9,-33,10,-32,12,-32,12,-31,14,-30,14,-29,14,-28,14,-27,13,-27,11,-27,10,-27,9,-27,8,-27,7,-27,5,-27,5,-27,4,-27,4,-27,4,-26,3,-26,2,

promi_cb====> Sender: 24:01:01:01:01:01, Receiver: 24:00:00:00:00:00 
udp_server_task=====> recvfrom succ;
[0;32mI (492872) wifi softAP: Waiting for data[0m
diff =1
diff = 1
serial_num:,163,256,-43,-95,0,48,67,0,4,4,-20,4,-18,4,-18,4,-17,4,-16,5,-15,5,-15,6,-14,6,-14,6,-13,7,-12,7,-12,7,-11,8,-11,7,-11,7,-11,7,-10,7,-10,6,-10,6,-10,6,-9,5,-10,5,-9,4,-9,3,-9,0,0,0,0,0,0,0,0,0,0,0,0,0,0,0,0,0,0,0,0,0,0,4,-28,2,-25,1,-30,0,-27,0,-28,-2,-26,-4,-27,-5,-26,-6,-27,-7,-28,-8,-26,-7,-25,-6,-25,-5,-24,-5,-22,-5,-23,-4,-22,-3,-23,-1,-22,-1,-22,0,-22,0,-21,0,-22,1,-22,2,-21,1,-21,

promi_cb====> Sender: 24:01:01:01:01:01, Receiver: 24:00:00:00:00:00 
udp_server_task=====> recvfrom succ;
[0;32mI (493272) wifi softAP: Waiting for data[0m
diff =1
diff = 1
serial_num:,164,256,-42,-95,0,48,67,0,4,-5,-19,-5,-18,-4,-17,-3,-17,-3,-16,-2,-16,-1,-15,0,-15,0,-15,1,-14,1,-14,2,-14,2,-13,2,-13,2,-13,2,-13,3,-12,2,-12,2,-12,2,-11,1,-11,1,-11,1,-10,0,-10,0,-10,0,0,0,0,0,0,0,0,0,0,0,0,0,0,0,0,0,0,0,0,0,0,-6,-27,-8,-25,-9,-25,-11,-25,-12,-24,-13,-24,-14,-24,-15,-23,-15,-22,-16,-22,-16,-22,-15,-21,-15,-20,-14,-20,-13,-20,-12,-20,-12,-20,-12,-19,-10,-19,-9,-20,-8,-20,-8,-20,-8,-20,-6,-21,-6,-21,-7,-19,

promi_cb====> Sender: 24:01:01:01:01:01, Receiver: 24:00:00:00:00:00 
udp_server_task=====> recvfrom succ;
[0;32mI (493672) wifi softAP: Waiting for data[0m
promi_cb====> Sender: 24:01:01:01:01:01, Receiver: 24:00:00:00:00:00 
diff =1
diff = 1
serial_num:,165,256,-41,-95,0,48,67,0,4,-18,-11,-17,-10,-16,-10,-16,-11,-14,-10,-14,-11,-12,-11,-12,-12,-11,-12,-11,-12,-10,-12,-10,-12,-9,-12,-9,-12,-9,-12,-8,-11,-8,-11,-8,-11,-8,-10,-8,-10,-8,-9,-8,-9,-7,-9,-7,-8,-8,-8,0,0,0,0,0,0,0,0,0,0,0,0,0,0,0,0,0,0,0,0,0,0,-24,-14,-26,-12,-25,-10,-27,-10,-27,-8,-29,-8,-27,-7,-28,-6,-28,-4,-27,-4,-28,-3,-27,-3,-26,-3,-25,-4,-25,-5,-24,-4,-24,-5,-23,-6,-23,-7,-22,-7,-22,-8,-21,-8,-21,-9,-21,-10,-21,-10,-20,-11,

promi_cb====> Sender: 24:01:01:01:01:01, Receiver: 24:00:00:00:00:00 
udp_server_task=====> recvfrom succ;
[0;32mI (494082) wifi softAP: Waiting for data[0m
diff =1
diff = 1
serial_num:,166,256,-41,-95,0,48,67,0,4,21,-9,20,-8,19,-7,19,-7,18,-6,18,-5,17,-4,17,-3,17,-2,16,-2,16,-1,16,-1,16,0,16,0,15,0,15,0,15,0,15,0,14,-1,13,-1,13,-1,12,-2,12,-2,11,-2,11,-3,0,0,0,0,0,0,0,0,0,0,0,0,0,0,0,0,0,0,0,0,0,0,27,-10,26,-12,26,-13,25,-15,25,-16,24,-17,23,-19,23,-20,22,-20,21,-21,21,-20,20,-20,20,-20,20,-19,19,-18,19,-17,20,-16,20,-15,20,-15,21,-14,21,-13,21,-12,21,-12,22,-11,22,-11,21,-10,

promi_cb====> Sender: 24:01:01:01:01:01, Receiver: 24:00:00:00:00:00 
udp_server_task=====> recvfrom succ;
[0;32mI (494472) wifi softAP: Waiting for data[0m
diff =1
diff = 1
serial_num:,167,256,-41,-95,0,48,67,0,4,-21,4,-20,4,-20,3,-19,3,-18,2,-19,1,-17,0,-17,0,-17,-1,-16,-2,-16,-3,-15,-3,-15,-4,-15,-4,-15,-4,-15,-4,-14,-4,-14,-3,-13,-3,-13,-3,-13,-2,-12,-2,-12,-2,-11,-1,-12,-1,0,0,0,0,0,0,0,0,0,0,0,0,0,0,0,0,0,0,0,0,0,0,-28,7,-27,9,-27,11,-26,12,-26,13,-25,14,-25,16,-24,16,-23,16,-24,17,-22,16,-22,17,-22,16,-21,15,-21,14,-21,13,-21,12,-21,11,-21,11,-22,10,-22,8,-22,9,-22,8,-22,7,-22,6,-22,6,

promi_cb====> Sender: 24:01:01:01:01:01, Receiver: 24:00:00:00:00:00 
udp_server_task=====> recvfrom succ;
[0;32mI (494872) wifi softAP: Waiting for data[0m
diff =1
diff = 1
serial_num:,168,256,-41,-95,0,48,67,0,4,16,8,16,8,14,8,14,9,13,9,13,8,11,9,11,9,10,9,9,9,8,10,8,10,8,10,8,10,7,10,8,9,7,9,7,9,7,8,7,8,7,7,6,7,7,7,6,6,7,6,0,0,0,0,0,0,0,0,0,0,0,0,0,0,0,0,0,0,0,0,0,0,21,12,22,10,23,9,24,7,24,6,25,6,25,4,25,3,25,2,25,2,24,2,24,2,23,2,22,1,21,2,21,2,21,3,20,4,20,5,20,6,19,6,20,7,19,7,19,8,18,8,18,8,

promi_cb====> Sender: 24:01:01:01:01:01, Receiver: 24:00:00:00:00:00 
udp_server_task=====> recvfrom succ;
[0;32mI (495262) wifi softAP: Waiting for data[0m
diff =1
diff = 1
serial_num:,169,256,-41,-95,0,48,67,0,4,-19,-13,-18,-13,-17,-13,-16,-13,-15,-12,-14,-13,-14,-13,-12,-13,-12,-14,-11,-14,-10,-14,-9,-14,-9,-14,-9,-14,-9,-14,-9,-14,-9,-13,-9,-13,-9,-12,-9,-12,-8,-11,-8,-11,-8,-10,-8,-10,-9,-9,0,0,0,0,0,0,0,0,0,0,0,0,0,0,0,0,0,0,0,0,0,0,-24,-17,-25,-15,-27,-14,-27,-12,-28,-11,-29,-10,-30,-9,-30,-7,-29,-7,-29,-6,-29,-6,-28,-6,-28,-6,-26,-6,-26,-6,-25,-7,-25,-7,-24,-8,-23,-9,-23,-9,-23,-10,-22,-11,-22,-11,-22,-13,-21,-12,-21,-13,

promi_cb====> Sender: 24:01:01:01:01:01, Receiver: 24:00:00:00:00:00 
udp_server_task=====> recvfrom succ;
[0;32mI (495672) wifi softAP: Waiting for data[0m
diff =1
diff = 1
serial_num:,170,256,-41,-95,0,48,67,0,4,-5,20,-6,19,-6,17,-6,18,-6,16,-7,16,-8,15,-7,14,-8,13,-9,12,-9,12,-10,12,-10,12,-9,11,-10,11,-9,11,-9,10,-8,10,-8,10,-7,10,-7,9,-7,9,-7,9,-6,8,-4,9,0,0,0,0,0,0,0,0,0,0,0,0,0,0,0,0,0,0,0,0,0,0,-6,26,-4,28,-3,27,-2,28,-1,27,1,28,3,28,3,28,4,27,5,27,4,27,4,25,3,26,3,25,3,25,2,23,2,23,1,22,0,23,-1,22,-2,22,-3,22,-3,22,-4,23,-5,21,-4,22,

promi_cb====> Sender: 24:01:01:01:01:01, Receiver: 24:00:00:00:00:00 
udp_server_task=====> recvfrom succ;
[0;32mI (496082) wifi softAP: Waiting for data[0m
diff =1
diff = 1
serial_num:,171,256,-42,-95,0,48,67,0,4,0,-25,1,-24,1,-23,2,-23,2,-21,3,-21,3,-20,4,-19,4,-19,5,-18,6,-18,7,-17,7,-17,7,-16,7,-16,7,-16,6,-16,6,-15,6,-15,5,-15,5,-14,4,-14,4,-14,3,-13,2,-13,0,0,0,0,0,0,0,0,0,0,0,0,0,0,0,0,0,0,0,0,0,0,0,-33,-2,-33,-4,-32,-6,-33,-7,-32,-9,-32,-10,-32,-11,-32,-12,-32,-13,-30,-13,-30,-13,-29,-12,-29,-11,-28,-11,-28,-10,-27,-9,-27,-8,-27,-7,-27,-5,-27,-5,-27,-4,-27,-4,-27,-3,-27,-2,-27,-2,-26,

promi_cb====> Sender: 24:01:01:01:01:01, Receiver: 24:00:00:00:00:00 
promi_cb====> Sender: 24:01:01:01:01:01, Receiver: 24:00:00:00:00:00 
udp_server_task=====> recvfrom succ;
[0;32mI (496492) wifi softAP: Waiting for data[0m
diff =1
diff = 1
serial_num:,172,256,-42,-94,0,48,67,0,4,-1,-22,0,-21,0,-20,0,-20,1,-19,2,-20,1,-18,3,-17,3,-16,4,-16,5,-15,5,-15,6,-15,6,-15,5,-14,6,-14,5,-14,5,-14,4,-13,4,-13,4,-13,3,-12,3,-12,2,-12,2,-11,0,0,0,0,0,0,0,0,0,0,0,0,0,0,0,0,0,0,0,0,0,0,-1,-29,-3,-29,-4,-29,-6,-29,-7,-29,-9,-28,-11,-28,-12,-27,-12,-27,-12,-27,-12,-26,-12,-26,-11,-25,-10,-25,-10,-24,-10,-24,-9,-23,-8,-23,-7,-23,-6,-24,-6,-24,-5,-24,-4,-24,-3,-24,-2,-24,-3,-23,

promi_cb====> Sender: 24:01:01:01:01:01, Receiver: 24:00:00:00:00:00 
udp_server_task=====> recvfrom succ;
[0;32mI (496892) wifi softAP: Waiting for data[0m
